0.000208681
0.000208681
0.000208681
0.000208681
0.000208681
0.000208681
0.000208681
0.000208681
0.000208681
0.000208681
0.000208681
0.000208681
0.000208681
0.000208681
0.000208681
0.000208681
0.000208681
0.000208681
0.000208681
0.000208681
0.000208681
0.000208681
0.000208681
0.000208681
0.000208681
0.000208681
0.000208681
0.000208681
0.000208681
0.000208681
0.000208681
0.000208681
0.000208681
0.000208681
0.000208681
0.000208681
0.000208681
0.000208681
0.000208681
0.000208681
0.000208681
0.000208681
0.000208681
0.000208681
0.000208681
0.000208681
0.000208681
0.000208681
0.000208681
0.000208681
0.000208681
0.000208681
0.000208681
0.000208681
0.000208681
0.000208681
0.000208681
0.000208681
0.000208681
0.000208681
0.000208681
0.000208681
0.000208681
0.000208681
0.000208681
0.000208681
0.000208681
0.000208681
0.000208681
0.000208681
0.000208681
0.000208681
0.000208681
0.000208681
0.000208681
0.000208681
0.000208681
0.000208681
0.000208681
0.000208681
0.000208681
0.000208681
0.000208681
0.000208681
0.000208681
0.000208681
0.000208681
0.000208681
0.000208681
0.000208681
0.000208681
0.000208681
0.000208681
0.000208681
0.00229549
0.00855593
0.0148164
0.0231636
0.029424
0.0315109
0.029424
0.0315109
0.0252504
0.0127295
0.00855593
0.00229549
0.000208681
0.000208681
0.000208681
0.000208681
0.000208681
0.000208681
0.000208681
0.000208681
0.000208681
0.000208681
0.000208681
0.000208681
0.000208681
0.00229549
0.00855593
0.0231636
0.0502922
0.121244
0.20889
0.286102
0.369574
0.421745
0.411311
0.419658
0.357053
0.275668
0.175501
0.11081
0.062813
0.0231636
0.0043823
0.000208681
0.000208681
0.000208681
0.000208681
0.000208681
0.000208681
0.000208681
0.000208681
0.000208681
0.00229549
0.00646912
0.0273372
0.0815943
0.183848
0.271494
0.407137
0.559474
0.678422
0.759808
0.776503
0.753548
0.638773
0.519825
0.357053
0.248539
0.127504
0.0544658
0.00855593
0.000208681
0.000208681
0.000208681
0.000208681
0.000208681
0.000208681
0.000208681
0.0043823
0.0043823
0.00646912
0.0231636
0.0690735
0.188022
0.315317
0.436352
0.586603
0.722245
0.809891
0.878756
0.897538
0.88293
0.807805
0.69929
0.54904
0.369574
0.225584
0.0941152
0.01899
0.000208681
0.000208681
0.000208681
0.000208681
0.000208681
0.000208681
0.000208681
0.00229549
0.0043823
0.0127295
0.0586394
0.173414
0.304883
0.436352
0.603297
0.757721
0.859975
0.872496
0.893364
0.88919
0.907972
0.878756
0.822412
0.707638
0.511477
0.298623
0.142112
0.0377713
0.000208681
0.000208681
0.000208681
0.000208681
0.000208681
0.000208681
0.000208681
0.00229549
0.00855593
0.0419449
0.11081
0.2548
0.407137
0.615818
0.732679
0.818239
0.841194
0.811978
0.786937
0.757721
0.797371
0.822412
0.855801
0.759808
0.651294
0.430092
0.196369
0.0690735
0.000208681
0.000208681
0.000208681
0.000208681
0.000208681
0.000208681
0.000208681
0.00229549
0.0210768
0.0878548
0.225584
0.363314
0.569908
0.741027
0.814065
0.809891
0.747287
0.670075
0.605384
0.574082
0.59495
0.695117
0.805718
0.809891
0.703464
0.536519
0.302796
0.0795075
0.000208681
0.000208681
0.000208681
0.000208681
0.000208681
0.000208681
0.000208681
0.00229549
0.0565526
0.152546
0.319491
0.509391
0.705551
0.818239
0.822412
0.732679
0.624165
0.507304
0.388356
0.346619
0.411311
0.530259
0.695117
0.807805
0.766068
0.630426
0.388356
0.106636
0.000208681
0.000208681
0.000208681
0.000208681
0.000208681
0.000208681
0.000208681
0.00855593
0.0982888
0.256886
0.442613
0.642947
0.795284
0.807805
0.730593
0.607471
0.448873
0.334098
0.223497
0.185935
0.236018
0.411311
0.611644
0.78485
0.801544
0.674249
0.423831
0.148372
0.0043823
0.00229549
0.000208681
0.000208681
0.000208681
0.000208681
0.000208681
0.0148164
0.177588
0.363314
0.563648
0.766068
0.828673
0.755634
0.613731
0.440526
0.281928
0.142112
0.0815943
0.0815943
0.165067
0.30697
0.544866
0.753548
0.797371
0.701377
0.461394
0.16924
0.00646912
0.00229549
0.000208681
0.000208681
0.000208681
0.00229549
0.000208681
0.0377713
0.236018
0.455134
0.674249
0.820326
0.811978
0.672162
0.498957
0.286102
0.152546
0.0669866
0.0398581
0.0440317
0.131678
0.292362
0.498957
0.73894
0.803631
0.684683
0.473915
0.190109
0.0043823
0.00229549
0.000208681
0.000208681
0.000208681
0.000208681
0.000208681
0.0607262
0.327838
0.571995
0.772329
0.83076
0.751461
0.561561
0.354967
0.171327
0.0690735
0.0273372
0.0169032
0.0398581
0.15672
0.309057
0.534432
0.734766
0.776503
0.674249
0.459307
0.185935
0.00229549
0.000208681
0.000208681
0.000208681
0.000208681
0.000208681
0.00229549
0.0815943
0.396703
0.642947
0.811978
0.816152
0.69929
0.45722
0.242279
0.0920284
0.0335977
0.0043823
0.0148164
0.0607262
0.196369
0.384182
0.590776
0.749374
0.755634
0.624165
0.419658
0.16924
0.00229549
0.000208681
0.000208681
0.000208681
0.000208681
0.000208681
0.00229549
0.11707
0.444699
0.69929
0.845367
0.809891
0.624165
0.365401
0.146285
0.0669866
0.0169032
0.0106427
0.052379
0.133765
0.292362
0.498957
0.657554
0.761895
0.715985
0.563648
0.348706
0.137938
0.00229549
0.000208681
0.000208681
0.000208681
0.000208681
0.000208681
0.000208681
0.15672
0.480175
0.730593
0.845367
0.793197
0.592863
0.336185
0.140025
0.0711603
0.0377713
0.062813
0.121244
0.256886
0.469741
0.622078
0.741027
0.772329
0.645033
0.459307
0.273581
0.100376
0.000208681
0.000208681
0.000208681
0.000208681
0.000208681
0.000208681
0.00229549
0.167154
0.480175
0.730593
0.853715
0.805718
0.580342
0.354967
0.200543
0.142112
0.131678
0.181761
0.302796
0.478088
0.630426
0.722245
0.78485
0.697204
0.536519
0.363314
0.183848
0.0711603
0.00229549
0.000208681
0.000208681
0.000208681
0.000208681
0.000208681
0.0043823
0.154633
0.434265
0.701377
0.847454
0.807805
0.697204
0.526085
0.357053
0.317404
0.332012
0.409224
0.54904
0.659641
0.761895
0.807805
0.741027
0.60121
0.407137
0.248539
0.0982888
0.0335977
0.00229549
0.000208681
0.000208681
0.000208681
0.000208681
0.000208681
0.0043823
0.123331
0.373748
0.611644
0.809891
0.868322
0.828673
0.763982
0.657554
0.630426
0.64712
0.695117
0.759808
0.811978
0.839107
0.776503
0.59495
0.421745
0.294449
0.131678
0.0502922
0.0106427
0.00229549
0.00229549
0.000208681
0.000208681
0.000208681
0.000208681
0.00229549
0.0836811
0.265234
0.507304
0.718072
0.853715
0.903798
0.905885
0.899624
0.859975
0.83702
0.849541
0.878756
0.864149
0.763982
0.597037
0.432179
0.275668
0.131678
0.062813
0.0169032
0.0043823
0.00229549
0.00229549
0.000208681
0.000208681
0.000208681
0.000208681
0.00229549
0.0461185
0.16924
0.340359
0.546953
0.707638
0.832846
0.901711
0.922579
0.920492
0.903798
0.874583
0.820326
0.674249
0.534432
0.367487
0.231845
0.137938
0.0648998
0.01899
0.0043823
0.000208681
0.00229549
0.00229549
0.000208681
0.000208681
0.000208681
0.000208681
0.000208681
0.00646912
0.0607262
0.148372
0.288189
0.459307
0.611644
0.734766
0.772329
0.770242
0.741027
0.659641
0.534432
0.396703
0.244366
0.148372
0.0857679
0.0335977
0.0148164
0.00646912
0.00229549
0.000208681
0.000208681
0.000208681
0.000208681
0.000208681
0.000208681
0.000208681
0.000208681
0.0043823
0.0043823
0.0169032
0.0315109
0.0690735
0.121244
0.15672
0.192195
0.202629
0.190109
0.171327
0.140025
0.0857679
0.052379
0.0273372
0.0127295
0.0043823
0.0043823
0.00229549
0.000208681
0.000208681
0.000208681
0.000208681
0.000208681
0.000208681
0.000208681
0.000208681
0.000208681
0.000208681
0.000208681
0.000208681
0.000208681
0.000208681
0.00229549
0.0043823
0.00646912
0.00646912
0.00646912
0.0043823
0.0043823
0.000208681
0.000208681
0.000208681
0.000208681
0.000208681
0.000208681
0.000208681
0.000208681
0.000208681
0.000208681
0.000208681
0.000208681
0.000208681
0.000208681
0.000208681
0.000208681
0.000208681
0.000208681
0.000208681
0.000208681
0.000208681
0.000208681
0.000208681
0.000208681
0.000208681
0.000208681
0.000208681
0.000208681
0.000208681
0.000208681
0.000208681
0.000208681
0.000208681
0.000208681
0.000208681
0.000208681
0.000208681
0.000208681
0.000208681
0.000208681
0.000208681
0.000208681
0.000208681
0.000208681
0.000208681
0.000208681
0.000208681
0.000208681
0.000208681
0.000208681
0.000208681
0.000208681
0.000208681
0.000208681
0.000208681
0.000208681
0.000208681
0.000208681
0.000208681
0.000208681
0.000208681
0.000208681
0.000208681
0.000208681
0.000208681
0.000208681
0.000208681
0.000208681
0.0958
0.000177557
0.000177557
0.000177557
0.000177557
0.000177557
0.000177557
0.000177557
0.000177557
0.000177557
0.000177557
0.000177557
0.000177557
0.000177557
0.000177557
0.000177557
0.000177557
0.000177557
0.000177557
0.000177557
0.000177557
0.000177557
0.000177557
0.000177557
0.000177557
0.000177557
0.000177557
0.000177557
0.000177557
0.000177557
0.000177557
0.000177557
0.000177557
0.000177557
0.000177557
0.000177557
0.000177557
0.000177557
0.000177557
0.000177557
0.000177557
0.000177557
0.000177557
0.000177557
0.000177557
0.000177557
0.000177557
0.000177557
0.000177557
0.000177557
0.000177557
0.000177557
0.000177557
0.000177557
0.000177557
0.000177557
0.000177557
0.000177557
0.000177557
0.000177557
0.000177557
0.000177557
0.000177557
0.000177557
0.000177557
0.000177557
0.000177557
0.000177557
0.000177557
0.000177557
0.000177557
0.000177557
0.000177557
0.000177557
0.000177557
0.000177557
0.000177557
0.000177557
0.000177557
0.000177557
0.000177557
0.000177557
0.000177557
0.000177557
0.000177557
0.000177557
0.000177557
0.000177557
0.000177557
0.000177557
0.000177557
0.000177557
0.000177557
0.000177557
0.000177557
0.000177557
0.00195312
0.00195312
0.0126065
0.010831
0.0179332
0.010831
0.0090554
0.0090554
0.00550426
0.00372869
0.00372869
0.000177557
0.000177557
0.000177557
0.000177557
0.000177557
0.000177557
0.000177557
0.000177557
0.000177557
0.000177557
0.00195312
0.000177557
0.000177557
0.00195312
0.00195312
0.00372869
0.0161577
0.0392401
0.088956
0.174183
0.229226
0.248757
0.22745
0.246982
0.248757
0.21147
0.138672
0.064098
0.0250355
0.00372869
0.00195312
0.000177557
0.000177557
0.000177557
0.000177557
0.000177557
0.00195312
0.00195312
0.000177557
0.000177557
0.00372869
0.00550426
0.00550426
0.00727983
0.0285866
0.0694247
0.143999
0.28782
0.3837
0.44407
0.470703
0.467152
0.44407
0.369496
0.216797
0.108487
0.0410156
0.0090554
0.00372869
0.000177557
0.00195312
0.000177557
0.000177557
0.000177557
0.000177557
0.000177557
0.000177557
0.000177557
0.00372869
0.00550426
0.0090554
0.0090554
0.0356889
0.0747514
0.159979
0.312678
0.463601
0.527521
0.573686
0.548828
0.488459
0.385476
0.218572
0.103161
0.0321378
0.00727983
0.00372869
0.000177557
0.000177557
0.000177557
0.000177557
0.000177557
0.000177557
0.00195312
0.00195312
0.00195312
0.00550426
0.00727983
0.0090554
0.010831
0.0285866
0.0729759
0.172408
0.341087
0.513317
0.623402
0.655362
0.594993
0.493786
0.349964
0.174183
0.0658736
0.0197088
0.00550426
0.000177557
0.000177557
0.000177557
0.000177557
0.000177557
0.000177557
0.000177557
0.00195312
0.00195312
0.000177557
0.00195312
0.00550426
0.0090554
0.010831
0.0232599
0.0747514
0.183061
0.362393
0.577237
0.724609
0.740589
0.591442
0.474254
0.277166
0.103161
0.0356889
0.0126065
0.000177557
0.000177557
0.000177557
0.000177557
0.000177557
0.000177557
0.00195312
0.000177557
0.00195312
0.000177557
0.000177557
0.00195312
0.00372869
0.00727983
0.0126065
0.0214844
0.0712003
0.181286
0.403232
0.666016
0.841797
0.765447
0.577237
0.394354
0.206143
0.0569957
0.0090554
0.00195312
0.000177557
0.000177557
0.000177557
0.000177557
0.000177557
0.000177557
0.00195312
0.000177557
0.000177557
0.000177557
0.000177557
0.00195312
0.00195312
0.00727983
0.0143821
0.0179332
0.0623224
0.188388
0.465376
0.799183
0.925249
0.777876
0.531072
0.310902
0.113814
0.0214844
0.00372869
0.000177557
0.000177557
0.000177557
0.00195312
0.000177557
0.000177557
0.000177557
0.000177557
0.000177557
0.000177557
0.000177557
0.000177557
0.00195312
0.00727983
0.0090554
0.010831
0.0179332
0.0427912
0.200817
0.582564
0.911044
0.953658
0.763672
0.465376
0.200817
0.0374645
0.00372869
0.00195312
0.000177557
0.000177557
0.000177557
0.00195312
0.000177557
0.000177557
0.000177557
0.000177557
0.000177557
0.000177557
0.000177557
0.000177557
0.00550426
0.00550426
0.00727983
0.010831
0.0126065
0.0356889
0.24343
0.733487
0.980291
0.966087
0.747692
0.36772
0.0996094
0.0143821
0.000177557
0.00195312
0.000177557
0.000177557
0.000177557
0.000177557
0.000177557
0.000177557
0.000177557
0.000177557
0.000177557
0.000177557
0.000177557
0.00195312
0.00372869
0.00372869
0.00550426
0.0090554
0.0090554
0.0481179
0.360618
0.893288
0.990945
0.967862
0.687322
0.234553
0.0410156
0.00195312
0.000177557
0.000177557
0.000177557
0.000177557
0.000177557
0.000177557
0.000177557
0.000177557
0.000177557
0.000177557
0.000177557
0.000177557
0.000177557
0.00372869
0.00195312
0.000177557
0.00195312
0.00550426
0.0179332
0.104936
0.516868
0.955433
0.996271
0.94478
0.506214
0.112038
0.0143821
0.00195312
0.00195312
0.00195312
0.000177557
0.000177557
0.000177557
0.00195312
0.00195312
0.000177557
0.000177557
0.000177557
0.000177557
0.000177557
0.000177557
0.000177557
0.000177557
0.00372869
0.00372869
0.00550426
0.0285866
0.215021
0.658913
0.96076
0.996271
0.893288
0.364169
0.0623224
0.010831
0.00195312
0.00195312
0.00195312
0.000177557
0.000177557
0.000177557
0.000177557
0.000177557
0.000177557
0.000177557
0.000177557
0.000177557
0.000177557
0.00195312
0.00195312
0.00372869
0.00372869
0.00372869
0.0126065
0.0925071
0.355291
0.719283
0.96076
0.978516
0.774325
0.254084
0.0410156
0.00727983
0.00727983
0.000177557
0.000177557
0.000177557
0.000177557
0.000177557
0.000177557
0.000177557
0.000177557
0.000177557
0.000177557
0.000177557
0.000177557
0.00195312
0.00372869
0.00372869
0.00372869
0.010831
0.0498935
0.220348
0.467152
0.745916
0.951882
0.905717
0.564808
0.21147
0.0374645
0.0126065
0.010831
0.00195312
0.000177557
0.000177557
0.000177557
0.000177557
0.000177557
0.00195312
0.000177557
0.000177557
0.000177557
0.000177557
0.000177557
0.000177557
0.000177557
0.00372869
0.00727983
0.0268111
0.120916
0.31978
0.543501
0.768999
0.91282
0.799183
0.442294
0.204368
0.0552202
0.0197088
0.0161577
0.0090554
0.00550426
0.00195312
0.00195312
0.00195312
0.000177557
0.00195312
0.00372869
0.000177557
0.000177557
0.000177557
0.000177557
0.000177557
0.00195312
0.00195312
0.0161577
0.076527
0.229226
0.403232
0.593217
0.753018
0.831143
0.650036
0.401456
0.204368
0.051669
0.0285866
0.0179332
0.0143821
0.0090554
0.00372869
0.00372869
0.00372869
0.00195312
0.000177557
0.00372869
0.000177557
0.000177557
0.000177557
0.00195312
0.00195312
0.00372869
0.0161577
0.0534446
0.156428
0.314453
0.468928
0.60032
0.715732
0.713956
0.550604
0.371271
0.218572
0.0658736
0.0303622
0.0197088
0.0126065
0.0126065
0.00550426
0.00372869
0.00550426
0.00550426
0.000177557
0.000177557
0.000177557
0.000177557
0.000177557
0.00195312
0.00195312
0.00372869
0.0303622
0.0854048
0.220348
0.374822
0.495561
0.598544
0.653587
0.618075
0.474254
0.349964
0.22745
0.0907315
0.0356889
0.0143821
0.0126065
0.00727983
0.00372869
0.00195312
0.00372869
0.00195312
0.00195312
0.000177557
0.000177557
0.000177557
0.000177557
0.00195312
0.00195312
0.0090554
0.0321378
0.122692
0.266513
0.39968
0.499112
0.545277
0.564808
0.525746
0.454723
0.339311
0.215021
0.0925071
0.0392401
0.0143821
0.0090554
0.00372869
0.00195312
0.00195312
0.00195312
0.00195312
0.000177557
0.000177557
0.000177557
0.000177557
0.000177557
0.000177557
0.00195312
0.0126065
0.0321378
0.108487
0.24343
0.374822
0.44407
0.436967
0.438743
0.431641
0.401456
0.28782
0.183061
0.0871804
0.0321378
0.0126065
0.00727983
0.00195312
0.000177557
0.000177557
0.000177557
0.000177557
0.000177557
0.000177557
0.000177557
0.000177557
0.000177557
0.000177557
0.000177557
0.00372869
0.010831
0.0303622
0.0712003
0.113814
0.142223
0.140447
0.133345
0.136896
0.13157
0.0942827
0.051669
0.0268111
0.0090554
0.00372869
0.00195312
0.000177557
0.000177557
0.000177557
0.000177557
0.000177557
0.000177557
0.000177557
0.000177557
0.000177557
0.000177557
0.000177557
0.000177557
0.000177557
0.000177557
0.000177557
0.00195312
0.00550426
0.00550426
0.00372869
0.00195312
0.00550426
0.00550426
0.00195312
0.000177557
0.000177557
0.000177557
0.000177557
0.000177557
0.000177557
0.000177557
0.000177557
0.000177557
0.000177557
0.000177557
0.000177557
0.000177557
0.000177557
0.000177557
0.000177557
0.000177557
0.000177557
0.000177557
0.000177557
0.000177557
0.000177557
0.000177557
0.000177557
0.000177557
0.000177557
0.000177557
0.000177557
0.000177557
0.000177557
0.000177557
0.000177557
0.000177557
0.000177557
0.000177557
0.000177557
0.000177557
0.000177557
0.000177557
0.000177557
0.000177557
0.000177557
0.000177557
0.000177557
0.000177557
0.000177557
0.000177557
0.000177557
0.000177557
0.000177557
0.000177557
0.000177557
0.000177557
0.000177557
0.000177557
0.000177557
0.000177557
0.000177557
0.000177557
0.000177557
0.000177557
0.000177557
0.000177557
0.000177557
0.000177557
0.000177557
0.000177557
0.000177557
0.1126
0.000204834
0.000204834
0.000204834
0.000204834
0.000204834
0.000204834
0.000204834
0.000204834
0.000204834
0.000204834
0.000204834
0.000204834
0.000204834
0.000204834
0.000204834
0.000204834
0.000204834
0.000204834
0.000204834
0.000204834
0.000204834
0.000204834
0.000204834
0.000204834
0.000204834
0.000204834
0.000204834
0.000204834
0.000204834
0.000204834
0.000204834
0.000204834
0.000204834
0.000204834
0.000204834
0.000204834
0.000204834
0.000204834
0.000204834
0.000204834
0.000204834
0.000204834
0.000204834
0.00430152
0.00430152
0.00225317
0.000204834
0.000204834
0.000204834
0.000204834
0.000204834
0.000204834
0.000204834
0.000204834
0.000204834
0.000204834
0.000204834
0.000204834
0.000204834
0.000204834
0.000204834
0.000204834
0.000204834
0.00225317
0.00225317
0.00430152
0.00634986
0.0083982
0.0206882
0.0227366
0.0227366
0.0227366
0.0186399
0.0206882
0.0104465
0.00634986
0.000204834
0.000204834
0.000204834
0.00225317
0.00225317
0.000204834
0.000204834
0.000204834
0.000204834
0.000204834
0.000204834
0.000204834
0.000204834
0.00225317
0.0104465
0.0227366
0.0411717
0.0759934
0.108767
0.162024
0.205039
0.239861
0.262392
0.276731
0.225522
0.17841
0.123105
0.0780418
0.0391233
0.0186399
0.00634986
0.00225317
0.00225317
0.000204834
0.000204834
0.000204834
0.000204834
0.000204834
0.000204834
0.000204834
0.000204834
0.0165916
0.0391233
0.0637034
0.123105
0.215281
0.286973
0.385293
0.481565
0.555305
0.592175
0.590127
0.557354
0.47542
0.348423
0.229619
0.135395
0.0841868
0.0309299
0.00225317
0.00225317
0.00225317
0.000204834
0.000204834
0.000204834
0.000204834
0.000204834
0.000204834
0.00634986
0.0350266
0.0698484
0.135395
0.235764
0.336133
0.456985
0.569644
0.659771
0.735559
0.764236
0.780623
0.737608
0.678206
0.551209
0.399631
0.272634
0.162024
0.0759934
0.0186399
0.00225317
0.00225317
0.000204834
0.000204834
0.000204834
0.000204834
0.000204834
0.00225317
0.0104465
0.0452683
0.0944285
0.180459
0.307456
0.436501
0.551209
0.643384
0.700737
0.735559
0.766284
0.768333
0.772429
0.749898
0.661819
0.520483
0.352519
0.239861
0.119009
0.0309299
0.00225317
0.000204834
0.000204834
0.000204834
0.000204834
0.000204834
0.00225317
0.00430152
0.0247849
0.0657517
0.125154
0.207087
0.325891
0.43855
0.543015
0.604465
0.637239
0.629045
0.594224
0.631094
0.663867
0.713027
0.653626
0.555305
0.432405
0.268537
0.15383
0.0514134
0.00225317
0.000204834
0.000204834
0.000204834
0.000204834
0.000204834
0.00225317
0.00430152
0.0268333
0.0718968
0.108767
0.198894
0.278779
0.370955
0.42626
0.43855
0.434453
0.432405
0.42626
0.46313
0.538918
0.637239
0.649529
0.594224
0.469275
0.307456
0.168169
0.0534617
0.000204834
0.000204834
0.000204834
0.000204834
0.000204834
0.000204834
0.00225317
0.00430152
0.0268333
0.0678001
0.108767
0.155879
0.194797
0.250102
0.295166
0.303359
0.305408
0.282876
0.295166
0.362761
0.485662
0.600369
0.637239
0.592175
0.473372
0.295166
0.174314
0.0534617
0.00634986
0.000204834
0.000204834
0.000204834
0.000204834
0.000204834
0.000204834
0.000204834
0.0124949
0.0411717
0.0759934
0.0944285
0.12925
0.159975
0.168169
0.174314
0.159975
0.139492
0.225522
0.321794
0.467227
0.594224
0.626997
0.581934
0.473372
0.282876
0.164072
0.049365
0.00634986
0.00225317
0.000204834
0.000204834
0.000204834
0.000204834
0.000204834
0.000204834
0.0145432
0.0309299
0.037075
0.0534617
0.0637034
0.0780418
0.0923802
0.0964769
0.102622
0.125154
0.223474
0.352519
0.5
0.606514
0.647481
0.567595
0.440598
0.268537
0.139492
0.0329783
0.0124949
0.00634986
0.000204834
0.000204834
0.000204834
0.000204834
0.000204834
0.00225317
0.00634986
0.0145432
0.0247849
0.0350266
0.049365
0.0637034
0.0841868
0.0841868
0.110815
0.190701
0.299263
0.42626
0.56145
0.647481
0.639287
0.540967
0.38939
0.227571
0.114912
0.0329783
0.0165916
0.0104465
0.00225317
0.000204834
0.000204834
0.000204834
0.000204834
0.00225317
0.00430152
0.0165916
0.0268333
0.049365
0.0800901
0.106719
0.133347
0.192749
0.246006
0.327939
0.432405
0.54916
0.653626
0.688447
0.624949
0.504097
0.325891
0.186604
0.0882835
0.0391233
0.0206882
0.0083982
0.00225317
0.000204834
0.000204834
0.000204834
0.000204834
0.00225317
0.0145432
0.0329783
0.0575584
0.119009
0.205039
0.291069
0.334084
0.41397
0.502048
0.588079
0.63519
0.704834
0.719172
0.692544
0.579885
0.454937
0.272634
0.170217
0.0841868
0.05551
0.0329783
0.00634986
0.00225317
0.000204834
0.000204834
0.000204834
0.000204834
0.00430152
0.0206882
0.0841868
0.16612
0.289021
0.391438
0.467227
0.547112
0.63519
0.715076
0.780623
0.788816
0.784719
0.737608
0.674109
0.557354
0.422163
0.295166
0.188652
0.127202
0.0862351
0.05551
0.0186399
0.00634986
0.000204834
0.000204834
0.000204834
0.000204834
0.0165916
0.0575584
0.168169
0.297214
0.434453
0.543015
0.626997
0.684351
0.778574
0.83388
0.848218
0.852315
0.807251
0.747849
0.657722
0.553257
0.446743
0.327939
0.254199
0.205039
0.14154
0.0964769
0.04322
0.0083982
0.000204834
0.000204834
0.000204834
0.000204834
0.0268333
0.112864
0.268537
0.430356
0.547112
0.6229
0.676157
0.735559
0.768333
0.811348
0.842073
0.82159
0.782671
0.749898
0.663867
0.614707
0.502048
0.422163
0.36481
0.293118
0.211184
0.151782
0.0678001
0.0124949
0.00225317
0.000204834
0.000204834
0.000204834
0.0473167
0.155879
0.338181
0.502048
0.614707
0.674109
0.717124
0.739656
0.760139
0.813396
0.819541
0.792913
0.768333
0.715076
0.676157
0.61061
0.569644
0.493855
0.409873
0.358664
0.274683
0.172265
0.0678001
0.0104465
0.00225317
0.000204834
0.000204834
0.00225317
0.0534617
0.198894
0.368906
0.54916
0.641336
0.696641
0.753994
0.774478
0.827735
0.815444
0.801106
0.786768
0.700737
0.665916
0.618804
0.59832
0.563499
0.508193
0.459033
0.350471
0.250102
0.168169
0.05551
0.00634986
0.000204834
0.000204834
0.000204834
0.00225317
0.0575584
0.194797
0.366858
0.528677
0.645432
0.745801
0.786768
0.82159
0.831831
0.803154
0.739656
0.649529
0.583982
0.565547
0.559402
0.540967
0.528677
0.5
0.403728
0.315649
0.227571
0.133347
0.04322
0.00430152
0.000204834
0.000204834
0.000204834
0.00225317
0.04322
0.155879
0.299263
0.444695
0.575789
0.657722
0.743753
0.753994
0.725317
0.653626
0.575789
0.47542
0.411921
0.393486
0.405776
0.405776
0.422163
0.383245
0.325891
0.225522
0.151782
0.0841868
0.0268333
0.00430152
0.000204834
0.000204834
0.000204834
0.000204834
0.0165916
0.0718968
0.186604
0.293118
0.422163
0.497952
0.557354
0.563499
0.52458
0.444695
0.358664
0.293118
0.258296
0.239861
0.250102
0.256247
0.241909
0.225522
0.186604
0.131299
0.0739451
0.0473167
0.0165916
0.00430152
0.000204834
0.000204834
0.000204834
0.000204834
0.00634986
0.0268333
0.0637034
0.110815
0.155879
0.184556
0.207087
0.211184
0.196846
0.168169
0.12925
0.102622
0.102622
0.10467
0.10467
0.108767
0.0882835
0.0800901
0.0616551
0.04322
0.0227366
0.0083982
0.00430152
0.00225317
0.000204834
0.000204834
0.000204834
0.000204834
0.00225317
0.00634986
0.0083982
0.0206882
0.0268333
0.0227366
0.0206882
0.0268333
0.0247849
0.0247849
0.0227366
0.0227366
0.0227366
0.0227366
0.0186399
0.0165916
0.0206882
0.0165916
0.0124949
0.0083982
0.00634986
0.000204834
0.000204834
0.000204834
0.000204834
0.000204834
0.000204834
0.000204834
0.000204834
0.000204834
0.000204834
0.000204834
0.000204834
0.000204834
0.000204834
0.000204834
0.000204834
0.000204834
0.000204834
0.000204834
0.000204834
0.000204834
0.00225317
0.00225317
0.00225317
0.00225317
0.000204834
0.000204834
0.000204834
0.000204834
0.000204834
0.000204834
0.000204834
0.000204834
0.000204834
0.000204834
0.000204834
0.000204834
0.000204834
0.000204834
0.000204834
0.000204834
0.000204834
0.000204834
0.000204834
0.000204834
0.000204834
0.000204834
0.000204834
0.000204834
0.000204834
0.000204834
0.000204834
0.000204834
0.000204834
0.000204834
0.000204834
0.000204834
0.000204834
0.000204834
0.000204834
0.000204834
0.000204834
0.000204834
0.000204834
0.000204834
0.000204834
0.000204834
0.000204834
0.000204834
0.000204834
0.000204834
0.000204834
0.000204834
0.000204834
0.000204834
0.000204834
0.000204834
0.000204834
0.000204834
0.000204834
0.000204834
0.000204834
0.000204834
0.000204834
0.000204834
0.000204834
0.000204834
0.000204834
0.0976
0.000202758
0.000202758
0.000202758
0.000202758
0.000202758
0.000202758
0.000202758
0.000202758
0.000202758
0.000202758
0.000202758
0.000202758
0.000202758
0.000202758
0.000202758
0.000202758
0.000202758
0.000202758
0.000202758
0.000202758
0.000202758
0.000202758
0.000202758
0.000202758
0.000202758
0.000202758
0.000202758
0.000202758
0.000202758
0.000202758
0.000202758
0.000202758
0.000202758
0.000202758
0.000202758
0.000202758
0.000202758
0.000202758
0.000202758
0.000202758
0.000202758
0.000202758
0.000202758
0.000202758
0.000202758
0.000202758
0.000202758
0.000202758
0.000202758
0.000202758
0.000202758
0.000202758
0.000202758
0.000202758
0.000202758
0.000202758
0.000202758
0.000202758
0.000202758
0.000202758
0.000202758
0.000202758
0.000202758
0.000202758
0.000202758
0.000202758
0.000202758
0.000202758
0.000202758
0.000202758
0.000202758
0.000202758
0.000202758
0.000202758
0.000202758
0.000202758
0.000202758
0.000202758
0.000202758
0.000202758
0.000202758
0.000202758
0.000202758
0.000202758
0.000202758
0.000202758
0.000202758
0.000202758
0.000202758
0.00223033
0.00223033
0.00223033
0.00425791
0.00831306
0.0103406
0.0204785
0.0265612
0.032644
0.032644
0.032644
0.0306164
0.0265612
0.0143958
0.0123682
0.00425791
0.00223033
0.000202758
0.000202758
0.000202758
0.000202758
0.000202758
0.000202758
0.000202758
0.000202758
0.000202758
0.00223033
0.00425791
0.0143958
0.0225061
0.0549473
0.0833333
0.125912
0.211071
0.286091
0.348946
0.391525
0.4118
0.405718
0.359084
0.298256
0.219181
0.152271
0.0711679
0.032644
0.00831306
0.00425791
0.000202758
0.000202758
0.000202758
0.000202758
0.000202758
0.000202758
0.000202758
0.00831306
0.0245337
0.0549473
0.0873885
0.158354
0.25365
0.375304
0.517234
0.626723
0.703771
0.760543
0.786902
0.776764
0.722019
0.610503
0.492903
0.377332
0.233374
0.11983
0.0427818
0.0103406
0.000202758
0.000202758
0.000202758
0.000202758
0.000202758
0.000202758
0.000202758
0.0204785
0.0448094
0.0853609
0.184712
0.280008
0.407745
0.539538
0.703771
0.784874
0.837591
0.882198
0.902474
0.904501
0.892336
0.795012
0.651054
0.52129
0.369221
0.209043
0.105637
0.0245337
0.000202758
0.000202758
0.000202758
0.000202758
0.000202758
0.00223033
0.000202758
0.0225061
0.0590024
0.109692
0.204988
0.302311
0.446269
0.559813
0.634834
0.699716
0.715937
0.724047
0.762571
0.80515
0.790957
0.799067
0.734185
0.620641
0.450324
0.25365
0.123885
0.046837
0.000202758
0.000202758
0.000202758
0.000202758
0.000202758
0.000202758
0.000202758
0.0265612
0.0650852
0.0995539
0.174574
0.241484
0.33678
0.409773
0.448297
0.440187
0.434104
0.436131
0.472628
0.584144
0.67944
0.719992
0.703771
0.626723
0.458435
0.251622
0.11983
0.0448094
0.000202758
0.000202758
0.000202758
0.000202758
0.000202758
0.000202758
0.00223033
0.0164234
0.0366991
0.0731955
0.131995
0.162409
0.204988
0.231346
0.245539
0.249594
0.284063
0.322587
0.401663
0.539538
0.67944
0.758516
0.722019
0.584144
0.4118
0.223236
0.0934712
0.0285888
0.000202758
0.000202758
0.000202758
0.000202758
0.000202758
0.000202758
0.00223033
0.00628548
0.0143958
0.0387267
0.0650852
0.0772506
0.109692
0.142133
0.174574
0.209043
0.284063
0.389497
0.523317
0.675385
0.799067
0.786902
0.683496
0.492903
0.32056
0.152271
0.0671127
0.0184509
0.000202758
0.000202758
0.000202758
0.000202758
0.000202758
0.000202758
0.000202758
0.00223033
0.00831306
0.0164234
0.0306164
0.046837
0.0833333
0.150243
0.239457
0.361111
0.498986
0.626723
0.764599
0.839619
0.868005
0.770681
0.5882
0.385442
0.227291
0.0914436
0.0265612
0.00831306
0.000202758
0.000202758
0.000202758
0.000202758
0.000202758
0.000202758
0.000202758
0.000202758
0.00425791
0.00831306
0.0204785
0.0448094
0.113747
0.225264
0.375304
0.561841
0.722019
0.809205
0.890308
0.902474
0.855839
0.719992
0.519262
0.316504
0.164436
0.0569749
0.0204785
0.00628548
0.000202758
0.000202758
0.000202758
0.000202758
0.000202758
0.000202758
0.000202758
0.00223033
0.00425791
0.00628548
0.0204785
0.075223
0.164436
0.316504
0.519262
0.707826
0.817315
0.888281
0.900446
0.886253
0.835564
0.764599
0.547648
0.355028
0.176602
0.075223
0.0184509
0.00425791
0.000202758
0.000202758
0.000202758
0.000202758
0.000202758
0.000202758
0.000202758
0.000202758
0.00628548
0.0103406
0.0285888
0.0731955
0.184712
0.348946
0.503041
0.67133
0.748378
0.788929
0.795012
0.811233
0.799067
0.776764
0.644972
0.444242
0.271898
0.115775
0.0508921
0.00831306
0.00223033
0.000202758
0.000202758
0.000202758
0.000202758
0.000202758
0.000202758
0.00223033
0.00628548
0.0143958
0.0306164
0.0691403
0.152271
0.267843
0.381387
0.486821
0.535483
0.557786
0.578062
0.61253
0.713909
0.754461
0.722019
0.592255
0.353001
0.190795
0.0671127
0.0225061
0.00223033
0.000202758
0.00223033
0.000202758
0.000202758
0.000202758
0.00628548
0.0143958
0.0204785
0.0448094
0.0448094
0.0671127
0.101582
0.156326
0.219181
0.231346
0.251622
0.271898
0.32056
0.401663
0.559813
0.711882
0.74635
0.646999
0.430049
0.249594
0.101582
0.0285888
0.00223033
0.000202758
0.000202758
0.000202758
0.000202758
0.000202758
0.00831306
0.0346715
0.0731955
0.0954988
0.0934712
0.0934712
0.103609
0.101582
0.0853609
0.0914436
0.0995539
0.113747
0.180657
0.334753
0.490876
0.642944
0.736212
0.675385
0.456407
0.259732
0.134023
0.0427818
0.00223033
0.000202758
0.000202758
0.000202758
0.000202758
0.000202758
0.00831306
0.0529197
0.131995
0.174574
0.211071
0.211071
0.164436
0.107664
0.0873885
0.075223
0.0671127
0.0995539
0.180657
0.330697
0.513179
0.622668
0.703771
0.661192
0.448297
0.271898
0.148216
0.0427818
0.00223033
0.000202758
0.000202758
0.000202758
0.000202758
0.000202758
0.0143958
0.0772506
0.207015
0.282036
0.355028
0.350973
0.284063
0.200933
0.154298
0.123885
0.134023
0.19485
0.298256
0.458435
0.606448
0.691606
0.709854
0.614558
0.430049
0.25365
0.134023
0.0366991
0.00223033
0.000202758
0.000202758
0.000202758
0.000202758
0.000202758
0.0164234
0.101582
0.229319
0.361111
0.464517
0.503041
0.490876
0.421938
0.375304
0.350973
0.375304
0.46249
0.580089
0.677413
0.754461
0.768654
0.687551
0.517234
0.375304
0.221208
0.107664
0.032644
0.00223033
0.000202758
0.000202758
0.000202758
0.000202758
0.000202758
0.0164234
0.0813058
0.209043
0.332725
0.515207
0.600365
0.655109
0.661192
0.67133
0.655109
0.67944
0.726075
0.788929
0.837591
0.815288
0.740268
0.571979
0.419911
0.286091
0.162409
0.0630576
0.0164234
0.000202758
0.000202758
0.000202758
0.000202758
0.000202758
0.000202758
0.0123682
0.0569749
0.144161
0.26987
0.438159
0.567924
0.687551
0.760543
0.81326
0.851784
0.88017
0.884225
0.88017
0.835564
0.726075
0.578062
0.409773
0.284063
0.160381
0.0833333
0.0346715
0.00628548
0.000202758
0.000202758
0.000202758
0.000202758
0.000202758
0.000202758
0.00425791
0.032644
0.0914436
0.154298
0.290146
0.423966
0.567924
0.705799
0.770681
0.817315
0.833536
0.821371
0.73824
0.618613
0.498986
0.348946
0.221208
0.142133
0.0650852
0.0245337
0.00628548
0.00223033
0.000202758
0.000202758
0.000202758
0.000202758
0.000202758
0.000202758
0.000202758
0.0123682
0.0346715
0.0630576
0.105637
0.180657
0.227291
0.275953
0.324615
0.363139
0.379359
0.355028
0.290146
0.241484
0.160381
0.101582
0.0508921
0.0245337
0.0143958
0.00831306
0.00425791
0.00223033
0.000202758
0.000202758
0.000202758
0.000202758
0.000202758
0.000202758
0.000202758
0.00223033
0.00628548
0.00628548
0.0184509
0.032644
0.0407543
0.0488646
0.0448094
0.0549473
0.0529197
0.0549473
0.0387267
0.0184509
0.0123682
0.00831306
0.0103406
0.00425791
0.00425791
0.00223033
0.00223033
0.000202758
0.000202758
0.000202758
0.000202758
0.000202758
0.000202758
0.000202758
0.000202758
0.000202758
0.000202758
0.000202758
0.000202758
0.000202758
0.000202758
0.000202758
0.00223033
0.00223033
0.00425791
0.00425791
0.00425791
0.00425791
0.00223033
0.00223033
0.00223033
0.00223033
0.00223033
0.00223033
0.000202758
0.000202758
0.000202758
0.000202758
0.000202758
0.000202758
0.000202758
0.000202758
0.000202758
0.000202758
0.000202758
0.000202758
0.000202758
0.000202758
0.000202758
0.000202758
0.000202758
0.000202758
0.000202758
0.000202758
0.000202758
0.000202758
0.000202758
0.000202758
0.000202758
0.000202758
0.000202758
0.000202758
0.000202758
0.000202758
0.000202758
0.000202758
0.000202758
0.000202758
0.0986
0.000186846
0.000186846
0.000186846
0.000186846
0.000186846
0.000186846
0.000186846
0.000186846
0.000186846
0.000186846
0.000186846
0.000186846
0.000186846
0.000186846
0.000186846
0.000186846
0.000186846
0.000186846
0.000186846
0.000186846
0.000186846
0.000186846
0.000186846
0.000186846
0.000186846
0.000186846
0.000186846
0.000186846
0.000186846
0.000186846
0.000186846
0.000186846
0.000186846
0.000186846
0.000186846
0.000186846
0.000186846
0.000186846
0.000186846
0.000186846
0.000186846
0.000186846
0.000186846
0.000186846
0.000186846
0.000186846
0.000186846
0.000186846
0.000186846
0.000186846
0.000186846
0.000186846
0.000186846
0.000186846
0.000186846
0.000186846
0.000186846
0.000186846
0.000186846
0.000186846
0.000186846
0.000186846
0.000186846
0.000186846
0.000186846
0.000186846
0.000186846
0.000186846
0.000186846
0.000186846
0.000186846
0.00205531
0.00205531
0.00205531
0.000186846
0.000186846
0.000186846
0.000186846
0.000186846
0.000186846
0.000186846
0.000186846
0.000186846
0.000186846
0.000186846
0.000186846
0.000186846
0.000186846
0.000186846
0.000186846
0.000186846
0.000186846
0.000186846
0.000186846
0.000186846
0.00205531
0.00205531
0.00205531
0.00205531
0.00392377
0.00392377
0.00392377
0.00392377
0.00392377
0.00952915
0.00766069
0.00579223
0.000186846
0.000186846
0.000186846
0.000186846
0.000186846
0.000186846
0.000186846
0.000186846
0.000186846
0.00392377
0.00579223
0.00579223
0.0132661
0.0188714
0.0207399
0.0226084
0.0226084
0.0300822
0.0263453
0.0207399
0.0282138
0.0356876
0.0562407
0.0637145
0.0767937
0.0880045
0.0562407
0.0468984
0.0207399
0.0113976
0.000186846
0.000186846
0.000186846
0.000186846
0.000186846
0.000186846
0.000186846
0.00579223
0.0132661
0.0338191
0.0543722
0.0711883
0.101084
0.125374
0.129111
0.134716
0.1179
0.0880045
0.0823991
0.134716
0.168348
0.220665
0.243087
0.248692
0.194507
0.172085
0.116031
0.0711883
0.00766069
0.000186846
0.000186846
0.000186846
0.000186846
0.000186846
0.00392377
0.0132661
0.0338191
0.0581091
0.0917414
0.147795
0.203849
0.241218
0.267377
0.272982
0.216928
0.153401
0.144058
0.194507
0.271114
0.353326
0.400037
0.388827
0.319694
0.252429
0.162743
0.0917414
0.0226084
0.00205531
0.000186846
0.000186846
0.000186846
0.000186846
0.00579223
0.0244768
0.0431614
0.0880045
0.138453
0.224402
0.321562
0.383221
0.398169
0.381353
0.299141
0.211323
0.188901
0.254297
0.353326
0.454223
0.508408
0.448617
0.379484
0.269245
0.145927
0.0805306
0.0244768
0.00579223
0.000186846
0.000186846
0.000186846
0.000186846
0.00766069
0.0263453
0.0581091
0.104821
0.188901
0.282324
0.401906
0.487855
0.495329
0.459828
0.334641
0.220665
0.203849
0.286061
0.418722
0.547646
0.573804
0.50654
0.394432
0.235613
0.144058
0.0562407
0.0132661
0.00392377
0.000186846
0.000186846
0.000186846
0.000186846
0.00952915
0.0319507
0.0674514
0.125374
0.230007
0.355194
0.495329
0.562593
0.558857
0.484118
0.319694
0.205717
0.198244
0.317825
0.512145
0.622384
0.642937
0.528961
0.34772
0.205717
0.104821
0.0263453
0.0132661
0.00205531
0.000186846
0.000186846
0.000186846
0.000186846
0.00952915
0.0300822
0.0767937
0.159006
0.278587
0.452354
0.594357
0.665359
0.594357
0.437407
0.256166
0.130979
0.192638
0.375747
0.594357
0.706465
0.680306
0.50654
0.295404
0.157138
0.0599776
0.0132661
0.00392377
0.000186846
0.000186846
0.000186846
0.000186846
0.00205531
0.0132661
0.041293
0.0880045
0.188901
0.394432
0.562593
0.717676
0.710202
0.543909
0.377616
0.179559
0.114163
0.222534
0.476644
0.693386
0.783072
0.672833
0.46917
0.23935
0.116031
0.0394245
0.0113976
0.000186846
0.000186846
0.000186846
0.000186846
0.00205531
0.00205531
0.0113976
0.0450299
0.1179
0.254297
0.484118
0.661622
0.788677
0.702728
0.500934
0.301009
0.164611
0.173954
0.299141
0.6037
0.786809
0.824178
0.659753
0.428064
0.201981
0.0954783
0.0375561
0.0151345
0.00205531
0.000186846
0.000186846
0.000186846
0.00205531
0.00205531
0.00952915
0.0468984
0.14219
0.349589
0.577541
0.764387
0.852205
0.721413
0.538303
0.340247
0.306614
0.332773
0.500934
0.758782
0.874626
0.850336
0.661622
0.43367
0.230007
0.121637
0.0599776
0.0244768
0.00205531
0.000186846
0.000186846
0.000186846
0.00205531
0.00205531
0.0151345
0.0562407
0.201981
0.435538
0.644806
0.805493
0.870889
0.827915
0.704596
0.596226
0.56633
0.571936
0.725149
0.895179
0.928812
0.850336
0.656016
0.448617
0.259903
0.16648
0.0730568
0.0319507
0.00205531
0.000186846
0.000186846
0.000186846
0.000186846
0.00205531
0.0151345
0.0543722
0.220665
0.459828
0.670964
0.792414
0.852205
0.869021
0.852205
0.820441
0.803625
0.829783
0.874626
0.941891
0.940022
0.820441
0.635463
0.400037
0.248692
0.149664
0.0637145
0.0226084
0.00205531
0.00205531
0.000186846
0.000186846
0.000186846
0.000186846
0.0113976
0.0543722
0.209454
0.42059
0.585015
0.708333
0.775598
0.80923
0.820441
0.799888
0.814836
0.844731
0.895179
0.947496
0.904522
0.758782
0.54204
0.325299
0.198244
0.101084
0.0487668
0.0207399
0.00205531
0.00205531
0.000186846
0.000186846
0.000186846
0.000186846
0.00205531
0.0244768
0.147795
0.276719
0.403774
0.49346
0.540172
0.553251
0.581278
0.57941
0.644806
0.725149
0.814836
0.865284
0.78494
0.598094
0.386958
0.237481
0.136584
0.0581091
0.0244768
0.0151345
0.00392377
0.00205531
0.000186846
0.000186846
0.000186846
0.000186846
0.000186846
0.0113976
0.0711883
0.134716
0.205717
0.241218
0.265508
0.282324
0.304746
0.373879
0.491592
0.61491
0.732623
0.725149
0.629858
0.398169
0.269245
0.153401
0.086136
0.0375561
0.0113976
0.00205531
0.000186846
0.00205531
0.000186846
0.000186846
0.000186846
0.000186846
0.000186846
0.00205531
0.0263453
0.061846
0.0693199
0.0749253
0.0880045
0.104821
0.157138
0.293535
0.42059
0.553251
0.62799
0.620516
0.510277
0.334641
0.224402
0.123505
0.0693199
0.0300822
0.00766069
0.00205531
0.000186846
0.000186846
0.000186846
0.000186846
0.000186846
0.000186846
0.000186846
0.00205531
0.00952915
0.0207399
0.0263453
0.0375561
0.0487668
0.0823991
0.181428
0.28793
0.428064
0.519619
0.540172
0.540172
0.428064
0.299141
0.209454
0.121637
0.0693199
0.0338191
0.00952915
0.00205531
0.000186846
0.000186846
0.000186846
0.000186846
0.000186846
0.000186846
0.000186846
0.000186846
0.000186846
0.00392377
0.00952915
0.0226084
0.041293
0.106689
0.203849
0.317825
0.416854
0.459828
0.463565
0.472907
0.364537
0.271114
0.21506
0.127242
0.0749253
0.0375561
0.0151345
0.00392377
0.00205531
0.000186846
0.000186846
0.000186846
0.000186846
0.000186846
0.000186846
0.000186846
0.00205531
0.00205531
0.0151345
0.0244768
0.065583
0.147795
0.231876
0.334641
0.3963
0.413117
0.413117
0.403774
0.351457
0.265508
0.21506
0.123505
0.0730568
0.0394245
0.017003
0.00579223
0.00205531
0.000186846
0.000186846
0.000186846
0.000186846
0.000186846
0.000186846
0.000186846
0.00205531
0.00766069
0.0132661
0.0375561
0.0936099
0.157138
0.237481
0.310351
0.366405
0.357063
0.368274
0.343984
0.32343
0.252429
0.185164
0.123505
0.0693199
0.0319507
0.0151345
0.00579223
0.000186846
0.000186846
0.000186846
0.000186846
0.000186846
0.000186846
0.000186846
0.000186846
0.000186846
0.00579223
0.00952915
0.0300822
0.0823991
0.127242
0.177691
0.213191
0.230007
0.250561
0.23935
0.228139
0.211323
0.164611
0.116031
0.0711883
0.0338191
0.0188714
0.0113976
0.00392377
0.000186846
0.000186846
0.000186846
0.000186846
0.000186846
0.000186846
0.000186846
0.000186846
0.000186846
0.000186846
0.00392377
0.00952915
0.0300822
0.0338191
0.0319507
0.0375561
0.0581091
0.0823991
0.0842676
0.0693199
0.0450299
0.0263453
0.0207399
0.017003
0.00766069
0.00392377
0.00392377
0.00205531
0.000186846
0.000186846
0.000186846
0.000186846
0.000186846
0.000186846
0.000186846
0.000186846
0.000186846
0.000186846
0.000186846
0.00205531
0.00205531
0.000186846
0.000186846
0.000186846
0.00205531
0.000186846
0.00205531
0.00392377
0.00392377
0.00392377
0.00205531
0.000186846
0.000186846
0.000186846
0.000186846
0.000186846
0.000186846
0.000186846
0.000186846
0.000186846
0.000186846
0.000186846
0.000186846
0.000186846
0.000186846
0.000186846
0.000186846
0.000186846
0.000186846
0.000186846
0.000186846
0.000186846
0.000186846
0.000186846
0.000186846
0.000186846
0.000186846
0.000186846
0.000186846
0.000186846
0.000186846
0.000186846
0.000186846
0.000186846
0.000186846
0.000186846
0.000186846
0.107
0.000230309
0.000230309
0.000230309
0.000230309
0.000230309
0.000230309
0.000230309
0.000230309
0.000230309
0.000230309
0.000230309
0.000230309
0.000230309
0.000230309
0.000230309
0.000230309
0.000230309
0.000230309
0.000230309
0.000230309
0.000230309
0.000230309
0.000230309
0.000230309
0.000230309
0.000230309
0.000230309
0.000230309
0.000230309
0.000230309
0.000230309
0.000230309
0.000230309
0.000230309
0.000230309
0.000230309
0.000230309
0.000230309
0.000230309
0.000230309
0.000230309
0.000230309
0.000230309
0.000230309
0.000230309
0.000230309
0.000230309
0.000230309
0.000230309
0.000230309
0.000230309
0.000230309
0.000230309
0.000230309
0.000230309
0.000230309
0.000230309
0.000230309
0.000230309
0.000230309
0.000230309
0.000230309
0.000230309
0.000230309
0.000230309
0.000230309
0.000230309
0.000230309
0.000230309
0.000230309
0.000230309
0.000230309
0.000230309
0.000230309
0.000230309
0.000230309
0.000230309
0.000230309
0.000230309
0.000230309
0.000230309
0.000230309
0.000230309
0.000230309
0.000230309
0.000230309
0.000230309
0.000230309
0.000230309
0.000230309
0.000230309
0.000230309
0.000230309
0.000230309
0.000230309
0.00483648
0.00944265
0.0140488
0.018655
0.0232612
0.0209581
0.0140488
0.00944265
0.0140488
0.0140488
0.0163519
0.0163519
0.0117457
0.00713957
0.000230309
0.000230309
0.000230309
0.000230309
0.000230309
0.000230309
0.000230309
0.000230309
0.000230309
0.000230309
0.00253339
0.0140488
0.0278673
0.0439889
0.0739291
0.0877476
0.124597
0.140719
0.170659
0.182174
0.19369
0.191386
0.179871
0.170659
0.15684
0.124597
0.103869
0.0532013
0.00944265
0.000230309
0.000230309
0.000230309
0.000230309
0.000230309
0.000230309
0.000230309
0.000230309
0.00944265
0.0370797
0.0647167
0.099263
0.147628
0.219023
0.285813
0.34339
0.394058
0.428604
0.449332
0.458544
0.444726
0.44012
0.396361
0.338784
0.276601
0.212114
0.143022
0.046292
0.00713957
0.000230309
0.000230309
0.000230309
0.000230309
0.000230309
0.000230309
0.00483648
0.0278673
0.0578075
0.117688
0.179871
0.271994
0.37333
0.426301
0.516122
0.569093
0.599033
0.610548
0.594427
0.592123
0.578305
0.546062
0.474666
0.38024
0.336481
0.258176
0.129203
0.0209581
0.00253339
0.000230309
0.000230309
0.000230309
0.000230309
0.000230309
0.0140488
0.0370797
0.0831414
0.161446
0.255873
0.364118
0.472363
0.582911
0.652004
0.672731
0.698065
0.68655
0.663519
0.617457
0.601336
0.573699
0.520728
0.442423
0.407877
0.322662
0.195993
0.0416859
0.00253339
0.000230309
0.000230309
0.000230309
0.000230309
0.00253339
0.018655
0.0416859
0.113082
0.219023
0.318056
0.430907
0.594427
0.663519
0.704975
0.700368
0.68655
0.635882
0.603639
0.578305
0.532243
0.5
0.453938
0.407877
0.34339
0.278904
0.175265
0.0439889
0.00483648
0.000230309
0.000230309
0.000230309
0.000230309
0.00713957
0.018655
0.0508982
0.143022
0.258176
0.396361
0.536849
0.649701
0.684247
0.68655
0.612851
0.516122
0.458544
0.435514
0.405573
0.37333
0.31345
0.265085
0.235145
0.214417
0.172962
0.103869
0.0209581
0.00253339
0.000230309
0.000230309
0.000230309
0.000230309
0.00713957
0.0163519
0.0624136
0.168356
0.324965
0.490788
0.668125
0.725702
0.74643
0.679641
0.557577
0.451635
0.350299
0.299632
0.258176
0.19369
0.166053
0.122294
0.0854445
0.0670198
0.0624136
0.0347766
0.00483648
0.000230309
0.000230309
0.000230309
0.000230309
0.000230309
0.0117457
0.018655
0.0900507
0.209811
0.394058
0.587517
0.741824
0.801704
0.751036
0.635882
0.52994
0.419392
0.347996
0.25357
0.177568
0.115385
0.0670198
0.0370797
0.0209581
0.0163519
0.0163519
0.00944265
0.00253339
0.000230309
0.000230309
0.000230309
0.000230309
0.000230309
0.00944265
0.0232612
0.115385
0.251267
0.463151
0.675035
0.78328
0.817826
0.762552
0.645094
0.541456
0.453938
0.384846
0.308844
0.239751
0.149931
0.0923538
0.0485951
0.0163519
0.0163519
0.00253339
0.00253339
0.000230309
0.000230309
0.000230309
0.000230309
0.000230309
0.000230309
0.00944265
0.0324735
0.113082
0.265085
0.483878
0.693459
0.792492
0.840857
0.762552
0.707278
0.615154
0.562183
0.488485
0.433211
0.341087
0.242054
0.159143
0.0762322
0.0301704
0.00713957
0.00483648
0.000230309
0.000230309
0.000230309
0.000230309
0.000230309
0.000230309
0.000230309
0.00713957
0.0324735
0.110778
0.260479
0.44012
0.624367
0.709581
0.741824
0.718793
0.675035
0.635882
0.587517
0.571396
0.516122
0.447029
0.331875
0.228236
0.129203
0.046292
0.018655
0.00713957
0.000230309
0.000230309
0.000230309
0.000230309
0.000230309
0.000230309
0.00483648
0.0117457
0.0393828
0.0946568
0.168356
0.318056
0.433211
0.513819
0.536849
0.541456
0.520728
0.520728
0.525334
0.532243
0.541456
0.479272
0.419392
0.285813
0.161446
0.0762322
0.0278673
0.00713957
0.00253339
0.000230309
0.000230309
0.000230309
0.000230309
0.000230309
0.00483648
0.0278673
0.0508982
0.0877476
0.133809
0.18678
0.262782
0.308844
0.327269
0.327269
0.361815
0.400967
0.449332
0.5
0.552971
0.520728
0.44012
0.322662
0.205205
0.0946568
0.0393828
0.00944265
0.00253339
0.000230309
0.000230309
0.000230309
0.000230309
0.000230309
0.00483648
0.0301704
0.0900507
0.168356
0.170659
0.159143
0.143022
0.163749
0.163749
0.189083
0.251267
0.322662
0.423998
0.504606
0.541456
0.541456
0.458544
0.352602
0.22363
0.119991
0.0555044
0.00713957
0.00253339
0.000230309
0.000230309
0.000230309
0.000230309
0.00253339
0.00253339
0.0416859
0.15684
0.281207
0.306541
0.225933
0.172962
0.133809
0.1269
0.152234
0.242054
0.341087
0.435514
0.546062
0.566789
0.566789
0.453938
0.345693
0.221327
0.122294
0.0601105
0.00713957
0.00253339
0.000230309
0.000230309
0.000230309
0.000230309
0.00483648
0.00713957
0.0485951
0.19369
0.389452
0.467757
0.417089
0.352602
0.288116
0.271994
0.301935
0.368724
0.453938
0.523031
0.576002
0.601336
0.578305
0.451635
0.311147
0.207508
0.110778
0.0508982
0.00944265
0.00253339
0.000230309
0.000230309
0.000230309
0.000230309
0.00483648
0.00713957
0.0393828
0.195993
0.437817
0.557577
0.580608
0.543759
0.520728
0.486181
0.504606
0.552971
0.576002
0.624367
0.624367
0.605942
0.536849
0.398664
0.274298
0.166053
0.0670198
0.0439889
0.0140488
0.000230309
0.000230309
0.000230309
0.000230309
0.000230309
0.000230309
0.00253339
0.0324735
0.163749
0.37333
0.55988
0.635882
0.695762
0.702672
0.702672
0.693459
0.691156
0.684247
0.684247
0.647398
0.59673
0.451635
0.329572
0.221327
0.115385
0.0532013
0.0301704
0.00944265
0.000230309
0.000230309
0.000230309
0.000230309
0.000230309
0.000230309
0.000230309
0.0140488
0.0831414
0.255873
0.41018
0.546062
0.672731
0.74643
0.748733
0.734915
0.734915
0.714187
0.654307
0.594427
0.467757
0.357209
0.21672
0.124597
0.0647167
0.0347766
0.018655
0.00483648
0.000230309
0.000230309
0.000230309
0.000230309
0.000230309
0.000230309
0.000230309
0.00713957
0.0255643
0.131506
0.237448
0.350299
0.486181
0.580608
0.631276
0.638185
0.615154
0.585214
0.520728
0.405573
0.306541
0.18678
0.117688
0.0601105
0.0347766
0.018655
0.00713957
0.00253339
0.000230309
0.000230309
0.000230309
0.000230309
0.000230309
0.000230309
0.000230309
0.00483648
0.00713957
0.0370797
0.0739291
0.133809
0.198296
0.25357
0.295025
0.318056
0.31345
0.288116
0.225933
0.161446
0.115385
0.0670198
0.0347766
0.0301704
0.0163519
0.00944265
0.00253339
0.000230309
0.000230309
0.000230309
0.000230309
0.000230309
0.000230309
0.000230309
0.000230309
0.000230309
0.00253339
0.00713957
0.0209581
0.0301704
0.0532013
0.0601105
0.0624136
0.0601105
0.0532013
0.0485951
0.0278673
0.0232612
0.0163519
0.00944265
0.00253339
0.000230309
0.000230309
0.000230309
0.000230309
0.000230309
0.000230309
0.000230309
0.000230309
0.000230309
0.000230309
0.000230309
0.000230309
0.000230309
0.000230309
0.00253339
0.00253339
0.00483648
0.00483648
0.00713957
0.00713957
0.00944265
0.00713957
0.00253339
0.00253339
0.00253339
0.00253339
0.00253339
0.000230309
0.000230309
0.000230309
0.000230309
0.000230309
0.000230309
0.000230309
0.000230309
0.000230309
0.000230309
0.000230309
0.000230309
0.000230309
0.000230309
0.000230309
0.000230309
0.000230309
0.000230309
0.000230309
0.000230309
0.000230309
0.000230309
0.000230309
0.000230309
0.000230309
0.000230309
0.000230309
0.000230309
0.000230309
0.000230309
0.000230309
0.000230309
0.000230309
0.000230309
0.000230309
0.000230309
0.000230309
0.0868
0.000199521
0.000199521
0.000199521
0.000199521
0.000199521
0.000199521
0.000199521
0.000199521
0.000199521
0.000199521
0.000199521
0.000199521
0.000199521
0.000199521
0.000199521
0.000199521
0.000199521
0.000199521
0.000199521
0.000199521
0.000199521
0.000199521
0.000199521
0.000199521
0.000199521
0.000199521
0.000199521
0.000199521
0.000199521
0.000199521
0.000199521
0.000199521
0.000199521
0.000199521
0.000199521
0.00219473
0.00418994
0.00418994
0.00818037
0.00618516
0.00818037
0.00818037
0.0101756
0.014166
0.0101756
0.00818037
0.00618516
0.00618516
0.00618516
0.00418994
0.00219473
0.000199521
0.000199521
0.000199521
0.000199521
0.000199521
0.000199521
0.000199521
0.000199521
0.000199521
0.00219473
0.000199521
0.00219473
0.00618516
0.00818037
0.014166
0.0321229
0.042099
0.0560654
0.103951
0.14984
0.207702
0.267558
0.269553
0.219673
0.14984
0.0839984
0.0381085
0.014166
0.00219473
0.000199521
0.000199521
0.000199521
0.000199521
0.000199521
0.000199521
0.000199521
0.000199521
0.000199521
0.00219473
0.00618516
0.00618516
0.0121708
0.0321229
0.0540702
0.089984
0.135874
0.219673
0.351357
0.477055
0.550878
0.560854
0.455108
0.325419
0.179769
0.0740223
0.0321229
0.0101756
0.00219473
0.000199521
0.000199521
0.000199521
0.000199521
0.000199521
0.000199521
0.000199521
0.000199521
0.00618516
0.00618516
0.0101756
0.0221468
0.052075
0.0959697
0.153831
0.215682
0.345371
0.506983
0.606744
0.674581
0.634677
0.487031
0.319433
0.185754
0.0839984
0.0301277
0.0181564
0.00418994
0.000199521
0.000199521
0.000199521
0.000199521
0.000199521
0.000199521
0.000199521
0.000199521
0.00618516
0.00818037
0.014166
0.0301277
0.0859936
0.129888
0.215682
0.339385
0.481045
0.612729
0.688547
0.668595
0.550878
0.387271
0.251596
0.137869
0.0480846
0.0261373
0.0161612
0.00418994
0.00219473
0.00219473
0.000199521
0.000199521
0.000199521
0.00219473
0.000199521
0.000199521
0.00219473
0.0121708
0.0241421
0.0580607
0.107941
0.187749
0.307462
0.455108
0.604749
0.702514
0.686552
0.578811
0.395251
0.257582
0.135874
0.0560654
0.0301277
0.014166
0.00818037
0.00418994
0.00219473
0.00219473
0.00219473
0.000199521
0.000199521
0.000199521
0.000199521
0.000199521
0.00418994
0.0121708
0.0321229
0.0740223
0.161812
0.261572
0.403232
0.568835
0.688547
0.702514
0.588787
0.42917
0.265563
0.139864
0.0620511
0.0261373
0.014166
0.0121708
0.00618516
0.00418994
0.00219473
0.00219473
0.00219473
0.000199521
0.000199521
0.000199521
0.000199521
0.000199521
0.00818037
0.0161612
0.0460894
0.113927
0.223663
0.349362
0.534916
0.66261
0.718476
0.638667
0.473065
0.293496
0.161812
0.0580607
0.0341181
0.0181564
0.014166
0.014166
0.0101756
0.00219473
0.000199521
0.00219473
0.000199521
0.000199521
0.000199521
0.000199521
0.000199521
0.000199521
0.0101756
0.0321229
0.0760176
0.167797
0.2915
0.455108
0.644653
0.706504
0.694533
0.52095
0.345371
0.181764
0.0640463
0.0361133
0.0301277
0.0341181
0.0281325
0.0181564
0.0121708
0.00219473
0.000199521
0.000199521
0.000199521
0.000199521
0.000199521
0.000199521
0.000199521
0.000199521
0.00818037
0.0540702
0.0999601
0.223663
0.391261
0.57482
0.720471
0.722466
0.614725
0.417199
0.225658
0.113927
0.0720271
0.0820032
0.0999601
0.0979649
0.0700319
0.0500798
0.0281325
0.0101756
0.00219473
0.000199521
0.000199521
0.000199521
0.000199521
0.000199521
0.000199521
0.000199521
0.0221468
0.0600559
0.133879
0.275539
0.467079
0.670591
0.740423
0.688547
0.530926
0.317438
0.181764
0.163807
0.229649
0.269553
0.273543
0.231644
0.175778
0.0979649
0.0640463
0.0381085
0.00418994
0.000199521
0.000199521
0.000199521
0.000199521
0.000199521
0.000199521
0.00219473
0.0261373
0.0839984
0.177773
0.349362
0.578811
0.742418
0.76237
0.638667
0.451117
0.329409
0.321429
0.417199
0.47905
0.497007
0.471069
0.403232
0.295491
0.19174
0.103951
0.0580607
0.0181564
0.000199521
0.000199521
0.000199521
0.000199521
0.000199521
0.000199521
0.00418994
0.0301277
0.109936
0.213687
0.455108
0.658619
0.772346
0.754389
0.590782
0.465084
0.455108
0.556864
0.652634
0.680567
0.654629
0.602753
0.538907
0.427175
0.251596
0.153831
0.0820032
0.0281325
0.000199521
0.000199521
0.000199521
0.000199521
0.000199521
0.000199521
0.00418994
0.0401038
0.135874
0.28352
0.528931
0.726457
0.792298
0.71648
0.56684
0.556864
0.660615
0.776337
0.822227
0.776337
0.700519
0.640662
0.592777
0.487031
0.313448
0.171788
0.0780128
0.0261373
0.000199521
0.000199521
0.000199521
0.000199521
0.000199521
0.000199521
0.00219473
0.0381085
0.155826
0.33739
0.594773
0.76237
0.792298
0.694533
0.608739
0.656624
0.734437
0.796289
0.756385
0.7085
0.676576
0.654629
0.618715
0.532921
0.3334
0.19573
0.0839984
0.0221468
0.000199521
0.000199521
0.000199521
0.000199521
0.000199521
0.000199521
0.00219473
0.0480846
0.157821
0.349362
0.632682
0.794294
0.822227
0.722466
0.656624
0.71648
0.748404
0.710495
0.634677
0.608739
0.634677
0.698524
0.6666
0.518955
0.323424
0.167797
0.080008
0.0241421
0.000199521
0.000199521
0.000199521
0.000199521
0.000199521
0.000199521
0.00219473
0.0401038
0.155826
0.369314
0.632682
0.80427
0.85415
0.768356
0.726457
0.714485
0.672586
0.57482
0.56684
0.602753
0.710495
0.760375
0.664605
0.504988
0.275539
0.125898
0.0660415
0.0181564
0.00219473
0.000199521
0.000199521
0.000199521
0.000199521
0.000199521
0.00219473
0.0221468
0.123903
0.339385
0.588787
0.812251
0.886073
0.856145
0.826217
0.734437
0.66261
0.640662
0.686552
0.764366
0.802275
0.75838
0.612729
0.367318
0.205706
0.0959697
0.0480846
0.0101756
0.00219473
0.000199521
0.000199521
0.000199521
0.000199521
0.000199521
0.00219473
0.0121708
0.0839984
0.259577
0.499002
0.734437
0.882083
0.927973
0.884078
0.834198
0.824222
0.80427
0.85415
0.862131
0.816241
0.670591
0.435156
0.267558
0.107941
0.0620511
0.0201516
0.00219473
0.000199521
0.000199521
0.000199521
0.000199521
0.000199521
0.000199521
0.00219473
0.0101756
0.0500798
0.163807
0.347366
0.578811
0.792298
0.908021
0.943935
0.939944
0.931963
0.910016
0.876097
0.810255
0.652634
0.447127
0.269553
0.123903
0.0580607
0.0241421
0.00618516
0.00219473
0.000199521
0.000199521
0.000199521
0.000199521
0.000199521
0.000199521
0.000199521
0.00418994
0.0181564
0.0780128
0.171788
0.347366
0.562849
0.748404
0.85814
0.874102
0.870112
0.806265
0.720471
0.552873
0.373304
0.211692
0.113927
0.0440942
0.0201516
0.00418994
0.000199521
0.000199521
0.000199521
0.000199521
0.000199521
0.000199521
0.000199521
0.000199521
0.000199521
0.000199521
0.00418994
0.0281325
0.0440942
0.0999601
0.193735
0.279529
0.351357
0.389266
0.373304
0.3334
0.269553
0.183759
0.111931
0.0600559
0.0201516
0.00818037
0.00219473
0.000199521
0.000199521
0.000199521
0.000199521
0.000199521
0.000199521
0.000199521
0.000199521
0.000199521
0.000199521
0.000199521
0.000199521
0.00418994
0.00818037
0.0101756
0.0161612
0.0221468
0.0341181
0.0401038
0.0401038
0.0361133
0.0281325
0.0161612
0.0101756
0.00818037
0.00418994
0.000199521
0.000199521
0.000199521
0.000199521
0.000199521
0.000199521
0.000199521
0.000199521
0.000199521
0.000199521
0.000199521
0.000199521
0.000199521
0.000199521
0.000199521
0.000199521
0.000199521
0.000199521
0.000199521
0.000199521
0.000199521
0.000199521
0.000199521
0.000199521
0.000199521
0.000199521
0.000199521
0.000199521
0.000199521
0.000199521
0.000199521
0.000199521
0.000199521
0.000199521
0.000199521
0.000199521
0.000199521
0.000199521
0.000199521
0.000199521
0.000199521
0.000199521
0.000199521
0.000199521
0.000199521
0.000199521
0.000199521
0.000199521
0.000199521
0.000199521
0.000199521
0.000199521
0.000199521
0.000199521
0.000199521
0.000199521
0.000199521
0.000199521
0.000199521
0.000199521
0.000199521
0.000199521
0.000199521
0.000199521
0.000199521
0.000199521
0.000199521
0.000199521
0.000199521
0.000199521
0.000199521
0.000199521
0.000199521
0.000199521
0.000199521
0.000199521
0.000199521
0.000199521
0.000199521
0.000199521
0.000199521
0.000199521
0.000199521
0.000199521
0.000199521
0.000199521
0.000199521
0.000199521
0.000199521
0.000199521
0.000199521
0.000199521
0.000199521
0.000199521
0.000199521
0.000199521
0.000199521
0.000199521
0.000199521
0.000199521
0.000199521
0.000199521
0.000199521
0.000199521
0.000199521
0.000199521
0.000199521
0.000199521
0.000199521
0.000199521
0.000199521
0.000199521
0.000199521
0.000199521
0.000199521
0.000199521
0.000199521
0.000199521
0.000199521
0.1002
0.000181752
0.000181752
0.000181752
0.000181752
0.000181752
0.000181752
0.000181752
0.000181752
0.000181752
0.000181752
0.000181752
0.000181752
0.000181752
0.000181752
0.000181752
0.000181752
0.000181752
0.000181752
0.000181752
0.000181752
0.000181752
0.000181752
0.000181752
0.000181752
0.000181752
0.000181752
0.000181752
0.000181752
0.000181752
0.000181752
0.000181752
0.000181752
0.000181752
0.000181752
0.000181752
0.000181752
0.000181752
0.000181752
0.000181752
0.000181752
0.000181752
0.000181752
0.000181752
0.000181752
0.000181752
0.000181752
0.000181752
0.000181752
0.000181752
0.000181752
0.000181752
0.000181752
0.000181752
0.000181752
0.000181752
0.000181752
0.000181752
0.000181752
0.000181752
0.000181752
0.000181752
0.000181752
0.000181752
0.000181752
0.000181752
0.000181752
0.000181752
0.000181752
0.000181752
0.000181752
0.000181752
0.000181752
0.000181752
0.000181752
0.000181752
0.000181752
0.000181752
0.000181752
0.000181752
0.000181752
0.000181752
0.000181752
0.000181752
0.000181752
0.000181752
0.000181752
0.000181752
0.000181752
0.000181752
0.000181752
0.000181752
0.000181752
0.000181752
0.000181752
0.000181752
0.000181752
0.000181752
0.000181752
0.000181752
0.000181752
0.000181752
0.000181752
0.000181752
0.000181752
0.000181752
0.000181752
0.000181752
0.000181752
0.000181752
0.000181752
0.000181752
0.000181752
0.000181752
0.000181752
0.000181752
0.000181752
0.000181752
0.000181752
0.000181752
0.000181752
0.000181752
0.000181752
0.000181752
0.00199927
0.00199927
0.00199927
0.00199927
0.00199927
0.000181752
0.000181752
0.000181752
0.000181752
0.000181752
0.000181752
0.000181752
0.000181752
0.000181752
0.000181752
0.000181752
0.000181752
0.000181752
0.000181752
0.000181752
0.000181752
0.000181752
0.00199927
0.00199927
0.00745184
0.00926936
0.0110869
0.0147219
0.0147219
0.0165394
0.0147219
0.0165394
0.0147219
0.0129044
0.00563431
0.00199927
0.000181752
0.000181752
0.00199927
0.00199927
0.000181752
0.000181752
0.000181752
0.000181752
0.000181752
0.000181752
0.000181752
0.000181752
0.000181752
0.00745184
0.0201745
0.0383497
0.0583424
0.0728826
0.0856052
0.120138
0.123773
0.145583
0.163759
0.169211
0.165576
0.158306
0.136496
0.116503
0.0728826
0.0438023
0.0274446
0.021992
0.00926936
0.000181752
0.000181752
0.000181752
0.000181752
0.00199927
0.00199927
0.00381679
0.0165394
0.0492548
0.0892403
0.167394
0.221919
0.303708
0.409124
0.460015
0.52181
0.563613
0.594511
0.616321
0.614504
0.627226
0.599964
0.550891
0.454562
0.312795
0.191021
0.0892403
0.0292621
0.00563431
0.000181752
0.000181752
0.000181752
0.00199927
0.00381679
0.0165394
0.0492548
0.116503
0.207379
0.318248
0.450927
0.574518
0.661759
0.750818
0.798073
0.830789
0.838059
0.848964
0.868957
0.856234
0.830789
0.805344
0.69084
0.503635
0.350963
0.167394
0.063795
0.00926936
0.000181752
0.000181752
0.000181752
0.00199927
0.00926936
0.0274446
0.06743
0.154671
0.28008
0.392766
0.558161
0.689022
0.787168
0.841694
0.867139
0.870774
0.867139
0.856234
0.878044
0.916212
0.914395
0.874409
0.767176
0.603599
0.403671
0.200109
0.0765176
0.0110869
0.000181752
0.000181752
0.000181752
0.000181752
0.00745184
0.0274446
0.0747001
0.172846
0.278262
0.392766
0.539985
0.650854
0.716285
0.745365
0.71265
0.658124
0.625409
0.601781
0.645402
0.739913
0.852599
0.870774
0.778081
0.603599
0.389131
0.174664
0.0601599
0.0110869
0.000181752
0.000181752
0.000181752
0.000181752
0.00563431
0.0201745
0.06743
0.140131
0.196474
0.305525
0.438204
0.512723
0.541803
0.49273
0.427299
0.365503
0.3237
0.298255
0.420029
0.618139
0.778081
0.852599
0.75627
0.570883
0.338241
0.149218
0.0510723
0.00745184
0.000181752
0.000181752
0.000181752
0.000181752
0.00199927
0.0165394
0.0510723
0.100145
0.147401
0.24373
0.312795
0.363686
0.365503
0.320065
0.240095
0.176481
0.152854
0.185569
0.334606
0.579971
0.792621
0.836241
0.687205
0.505453
0.27281
0.111051
0.0365322
0.00381679
0.000181752
0.000181752
0.000181752
0.000181752
0.00199927
0.00563431
0.0310796
0.063795
0.0946928
0.156489
0.212832
0.234642
0.240095
0.191021
0.131043
0.0928753
0.0837877
0.165576
0.389131
0.663577
0.821701
0.812614
0.647219
0.398219
0.205562
0.0819702
0.0201745
0.00381679
0.00199927
0.000181752
0.000181752
0.000181752
0.000181752
0.00199927
0.0129044
0.0456198
0.0710651
0.112868
0.154671
0.169211
0.143766
0.105598
0.0819702
0.0765176
0.100145
0.227372
0.518175
0.759905
0.828971
0.788986
0.550891
0.303708
0.158306
0.0710651
0.0292621
0.00926936
0.00563431
0.000181752
0.000181752
0.000181752
0.000181752
0.000181752
0.00563431
0.0347146
0.0565249
0.0765176
0.114686
0.109233
0.10378
0.0983279
0.0946928
0.107415
0.171029
0.405489
0.661759
0.832606
0.858052
0.714467
0.443657
0.269175
0.127408
0.0710651
0.0328971
0.0110869
0.00563431
0.000181752
0.000181752
0.000181752
0.000181752
0.000181752
0.00381679
0.021992
0.0456198
0.063795
0.0801527
0.0983279
0.0983279
0.100145
0.118321
0.145583
0.289168
0.569066
0.75627
0.856234
0.812614
0.590876
0.370956
0.201927
0.0983279
0.0474373
0.025627
0.00745184
0.00199927
0.000181752
0.000181752
0.000181752
0.000181752
0.000181752
0.00381679
0.0165394
0.0292621
0.0365322
0.0601599
0.0728826
0.0747001
0.0928753
0.136496
0.220102
0.449109
0.6763
0.832606
0.843511
0.669029
0.434569
0.25827
0.127408
0.0547074
0.0328971
0.0165394
0.00926936
0.00381679
0.000181752
0.000181752
0.000181752
0.000181752
0.00381679
0.00381679
0.00745184
0.00745184
0.0165394
0.0274446
0.0456198
0.0510723
0.0819702
0.151036
0.321883
0.543621
0.743548
0.818066
0.739913
0.505453
0.327336
0.161941
0.0801527
0.0347146
0.0147219
0.00745184
0.00381679
0.000181752
0.000181752
0.000181752
0.000181752
0.000181752
0.00381679
0.00199927
0.00199927
0.00199927
0.00381679
0.0110869
0.0165394
0.0347146
0.0928753
0.218284
0.436387
0.623591
0.763541
0.772628
0.603599
0.376409
0.232824
0.0874228
0.0528899
0.0238095
0.00745184
0.00199927
0.00199927
0.000181752
0.000181752
0.000181752
0.000181752
0.000181752
0.000181752
0.000181752
0.000181752
0.000181752
0.00381679
0.0110869
0.018357
0.06743
0.165576
0.349146
0.523628
0.679935
0.739913
0.647219
0.483642
0.298255
0.158306
0.063795
0.0383497
0.0165394
0.00563431
0.000181752
0.000181752
0.000181752
0.000181752
0.000181752
0.000181752
0.000181752
0.000181752
0.000181752
0.000181752
0.00381679
0.00745184
0.018357
0.0547074
0.138313
0.260087
0.443657
0.567248
0.678117
0.639949
0.527263
0.400036
0.24373
0.114686
0.0474373
0.0310796
0.0129044
0.00199927
0.000181752
0.000181752
0.000181752
0.000181752
0.000181752
0.000181752
0.000181752
0.000181752
0.000181752
0.00199927
0.00563431
0.0129044
0.0383497
0.105598
0.211014
0.374591
0.474555
0.579971
0.614504
0.556343
0.460015
0.330971
0.196474
0.0946928
0.0401672
0.0292621
0.0147219
0.00563431
0.000181752
0.000181752
0.000181752
0.000181752
0.000181752
0.000181752
0.000181752
0.000181752
0.000181752
0.00381679
0.0147219
0.0274446
0.0892403
0.169211
0.289168
0.403671
0.494547
0.550891
0.518175
0.47092
0.400036
0.29462
0.158306
0.0819702
0.0365322
0.0274446
0.0110869
0.00381679
0.000181752
0.000181752
0.000181752
0.000181752
0.000181752
0.000181752
0.000181752
0.000181752
0.000181752
0.00563431
0.0201745
0.0510723
0.125591
0.227372
0.341876
0.421847
0.456379
0.490912
0.434569
0.412759
0.338241
0.263722
0.158306
0.0819702
0.0347146
0.025627
0.0129044
0.00563431
0.000181752
0.000181752
0.000181752
0.000181752
0.000181752
0.000181752
0.000181752
0.000181752
0.000181752
0.00199927
0.0238095
0.0692475
0.149218
0.238277
0.325518
0.372774
0.403671
0.385496
0.360051
0.356416
0.283715
0.225554
0.147401
0.0747001
0.0328971
0.021992
0.0129044
0.00745184
0.00199927
0.000181752
0.000181752
0.000181752
0.000181752
0.000181752
0.000181752
0.000181752
0.000181752
0.00199927
0.0110869
0.0492548
0.100145
0.160124
0.196474
0.234642
0.256452
0.231007
0.211014
0.205562
0.192839
0.131043
0.0965104
0.0547074
0.0292621
0.018357
0.0110869
0.00563431
0.00199927
0.000181752
0.000181752
0.000181752
0.000181752
0.000181752
0.000181752
0.000181752
0.000181752
0.000181752
0.00199927
0.00563431
0.00926936
0.0129044
0.0147219
0.0238095
0.0347146
0.0456198
0.0474373
0.0438023
0.0347146
0.0274446
0.0238095
0.0129044
0.00563431
0.00199927
0.00381679
0.00381679
0.000181752
0.000181752
0.000181752
0.000181752
0.000181752
0.11
0.000216357
0.000216357
0.000216357
0.000216357
0.000216357
0.000216357
0.000216357
0.000216357
0.000216357
0.000216357
0.000216357
0.000216357
0.000216357
0.000216357
0.000216357
0.000216357
0.000216357
0.000216357
0.000216357
0.000216357
0.000216357
0.000216357
0.000216357
0.000216357
0.000216357
0.000216357
0.000216357
0.000216357
0.000216357
0.000216357
0.000216357
0.000216357
0.000216357
0.000216357
0.000216357
0.000216357
0.000216357
0.000216357
0.000216357
0.000216357
0.000216357
0.000216357
0.000216357
0.000216357
0.000216357
0.000216357
0.000216357
0.000216357
0.000216357
0.000216357
0.000216357
0.000216357
0.000216357
0.000216357
0.000216357
0.000216357
0.000216357
0.000216357
0.000216357
0.000216357
0.000216357
0.000216357
0.000216357
0.000216357
0.000216357
0.000216357
0.000216357
0.000216357
0.000216357
0.000216357
0.000216357
0.000216357
0.000216357
0.000216357
0.000216357
0.000216357
0.000216357
0.000216357
0.000216357
0.000216357
0.000216357
0.000216357
0.000216357
0.000216357
0.000216357
0.000216357
0.000216357
0.000216357
0.000216357
0.000216357
0.000216357
0.000216357
0.000216357
0.000216357
0.00237992
0.00237992
0.00454349
0.00670705
0.00670705
0.00887062
0.0110342
0.00887062
0.00887062
0.00454349
0.00237992
0.000216357
0.000216357
0.000216357
0.000216357
0.000216357
0.000216357
0.000216357
0.000216357
0.000216357
0.000216357
0.000216357
0.000216357
0.00237992
0.000216357
0.00237992
0.00454349
0.00887062
0.0175249
0.0434877
0.0824318
0.121376
0.171138
0.214409
0.229554
0.225227
0.188447
0.136521
0.0910861
0.0434877
0.0175249
0.00887062
0.00237992
0.000216357
0.000216357
0.000216357
0.000216357
0.000216357
0.000216357
0.000216357
0.000216357
0.000216357
0.00237992
0.00670705
0.0196884
0.0759412
0.158157
0.298788
0.411294
0.554089
0.679576
0.768282
0.798572
0.742319
0.640632
0.495673
0.346387
0.227391
0.119212
0.0564691
0.0261791
0.00670705
0.00454349
0.000216357
0.000216357
0.000216357
0.000216357
0.000216357
0.00237992
0.000216357
0.0110342
0.0348334
0.108395
0.229554
0.374513
0.541108
0.68174
0.820208
0.885115
0.889442
0.889442
0.850498
0.785591
0.660104
0.517309
0.37235
0.229554
0.121376
0.0586326
0.0153613
0.00887062
0.00454349
0.000216357
0.000216357
0.000216357
0.000216357
0.00237992
0.00887062
0.0283427
0.104068
0.216573
0.381004
0.53029
0.679576
0.757464
0.826698
0.826698
0.807226
0.774773
0.763955
0.746646
0.679576
0.573561
0.448074
0.313933
0.184119
0.086759
0.0240156
0.0110342
0.00454349
0.000216357
0.000216357
0.000216357
0.000216357
0.00454349
0.0240156
0.0694505
0.151666
0.292298
0.480528
0.636305
0.71852
0.74881
0.690394
0.610342
0.543271
0.532453
0.567071
0.634141
0.634141
0.586543
0.502164
0.396149
0.225227
0.112722
0.0326698
0.0110342
0.00237992
0.000216357
0.000216357
0.000216357
0.000216357
0.0131977
0.036997
0.0975768
0.173302
0.324751
0.506491
0.653613
0.683903
0.644959
0.53029
0.422112
0.333405
0.393985
0.506491
0.62765
0.670922
0.644959
0.525963
0.383167
0.240372
0.117049
0.0348334
0.00237992
0.000216357
0.000216357
0.000216357
0.000216357
0.000216357
0.0131977
0.0478148
0.0910861
0.199264
0.298788
0.493509
0.636305
0.677412
0.623323
0.474037
0.368023
0.333405
0.441584
0.569234
0.703375
0.712029
0.664431
0.489182
0.303116
0.181956
0.0781047
0.0131977
0.00237992
0.000216357
0.000216357
0.000216357
0.000216357
0.000216357
0.0131977
0.0478148
0.0932497
0.188447
0.287971
0.432929
0.601688
0.679576
0.666595
0.573561
0.432929
0.46971
0.599524
0.740156
0.763955
0.694721
0.547598
0.363695
0.201428
0.0932497
0.0305063
0.0110342
0.00237992
0.00237992
0.000216357
0.000216357
0.000216357
0.000216357
0.0110342
0.036997
0.0845954
0.145175
0.246863
0.396149
0.541108
0.690394
0.737992
0.686067
0.623323
0.705539
0.796408
0.822371
0.703375
0.551926
0.37884
0.205755
0.101904
0.036997
0.0240156
0.00670705
0.00237992
0.00237992
0.000216357
0.000216357
0.000216357
0.000216357
0.00887062
0.0261791
0.0586326
0.119212
0.201428
0.320424
0.465383
0.68823
0.835353
0.854825
0.837516
0.865643
0.902423
0.792081
0.558416
0.355041
0.197101
0.104068
0.0586326
0.0283427
0.0153613
0.00670705
0.000216357
0.000216357
0.000216357
0.000216357
0.000216357
0.000216357
0.000216357
0.0175249
0.0391605
0.0845954
0.155993
0.253354
0.432929
0.683903
0.882951
0.924059
0.939204
0.950022
0.893769
0.677412
0.422112
0.214409
0.112722
0.0607962
0.0326698
0.0196884
0.0110342
0.00237992
0.000216357
0.000216357
0.000216357
0.000216357
0.000216357
0.000216357
0.000216357
0.00887062
0.0283427
0.0564691
0.114885
0.253354
0.471874
0.744483
0.898096
0.950022
0.934877
0.917568
0.785591
0.551926
0.344223
0.175465
0.106231
0.0521419
0.0240156
0.021852
0.0110342
0.000216357
0.000216357
0.000216357
0.000216357
0.000216357
0.000216357
0.000216357
0.00237992
0.0131977
0.0305063
0.0651233
0.151666
0.363695
0.603851
0.811553
0.880788
0.889442
0.837516
0.805063
0.712029
0.528126
0.357205
0.207919
0.117049
0.071614
0.0305063
0.0196884
0.0110342
0.000216357
0.000216357
0.000216357
0.000216357
0.000216357
0.000216357
0.000216357
0.00454349
0.0153613
0.0456512
0.140848
0.279316
0.515145
0.746646
0.831026
0.783427
0.709866
0.686067
0.662267
0.640632
0.532453
0.37235
0.246863
0.140848
0.086759
0.0543055
0.0283427
0.0110342
0.000216357
0.000216357
0.000216357
0.000216357
0.000216357
0.000216357
0.000216357
0.00454349
0.0305063
0.0932497
0.238209
0.415621
0.647122
0.757464
0.759628
0.65145
0.551926
0.523799
0.59087
0.584379
0.525963
0.393985
0.264171
0.186283
0.108395
0.0651233
0.0326698
0.0110342
0.000216357
0.000216357
0.000216357
0.000216357
0.000216357
0.000216357
0.000216357
0.00454349
0.0564691
0.140848
0.320424
0.497836
0.68174
0.740156
0.629814
0.491346
0.454565
0.471874
0.538944
0.558416
0.512981
0.432929
0.305279
0.188447
0.117049
0.0607962
0.0305063
0.00887062
0.000216357
0.000216357
0.000216357
0.000216357
0.000216357
0.000216357
0.000216357
0.00670705
0.071614
0.205755
0.37235
0.558416
0.720684
0.666595
0.584379
0.484855
0.484855
0.534617
0.545435
0.571398
0.554089
0.456729
0.322588
0.192774
0.117049
0.0521419
0.0261791
0.00670705
0.000216357
0.000216357
0.000216357
0.000216357
0.000216357
0.000216357
0.000216357
0.00887062
0.0845954
0.205755
0.381004
0.567071
0.677412
0.709866
0.690394
0.666595
0.677412
0.683903
0.644959
0.612505
0.541108
0.419948
0.303116
0.173302
0.0932497
0.0478148
0.021852
0.00454349
0.000216357
0.000216357
0.000216357
0.000216357
0.000216357
0.000216357
0.000216357
0.00454349
0.0737776
0.181956
0.34855
0.512981
0.662267
0.802899
0.850498
0.878624
0.854825
0.794245
0.705539
0.59087
0.495673
0.381004
0.244699
0.132194
0.0586326
0.0413241
0.0131977
0.00454349
0.000216357
0.000216357
0.000216357
0.000216357
0.000216357
0.000216357
0.000216357
0.000216357
0.0478148
0.134357
0.255517
0.40264
0.551926
0.705539
0.826698
0.874297
0.854825
0.74881
0.616833
0.493509
0.391822
0.257681
0.151666
0.0629598
0.0326698
0.021852
0.00454349
0.00237992
0.000216357
0.000216357
0.000216357
0.000216357
0.000216357
0.000216357
0.000216357
0.000216357
0.0153613
0.0629598
0.119212
0.203592
0.292298
0.396149
0.476201
0.519472
0.506491
0.43942
0.357205
0.274989
0.205755
0.12354
0.0672869
0.0348334
0.021852
0.00454349
0.000216357
0.000216357
0.000216357
0.000216357
0.000216357
0.000216357
0.000216357
0.000216357
0.000216357
0.000216357
0.000216357
0.000216357
0.00670705
0.00887062
0.0131977
0.0196884
0.0305063
0.0413241
0.0478148
0.0478148
0.036997
0.0261791
0.0153613
0.0131977
0.0110342
0.00454349
0.000216357
0.000216357
0.000216357
0.000216357
0.000216357
0.000216357
0.000216357
0.000216357
0.000216357
0.000216357
0.000216357
0.000216357
0.000216357
0.000216357
0.000216357
0.000216357
0.000216357
0.000216357
0.000216357
0.000216357
0.000216357
0.000216357
0.000216357
0.000216357
0.000216357
0.000216357
0.000216357
0.000216357
0.00237992
0.00237992
0.00237992
0.000216357
0.000216357
0.000216357
0.000216357
0.000216357
0.000216357
0.000216357
0.000216357
0.000216357
0.000216357
0.000216357
0.000216357
0.000216357
0.000216357
0.000216357
0.000216357
0.000216357
0.000216357
0.000216357
0.000216357
0.000216357
0.000216357
0.000216357
0.000216357
0.000216357
0.000216357
0.000216357
0.000216357
0.000216357
0.000216357
0.000216357
0.000216357
0.0924
0.000201939
0.000201939
0.000201939
0.000201939
0.000201939
0.000201939
0.000201939
0.000201939
0.000201939
0.000201939
0.000201939
0.000201939
0.000201939
0.000201939
0.000201939
0.000201939
0.000201939
0.000201939
0.000201939
0.000201939
0.000201939
0.000201939
0.000201939
0.000201939
0.000201939
0.000201939
0.000201939
0.000201939
0.000201939
0.000201939
0.000201939
0.000201939
0.000201939
0.000201939
0.000201939
0.000201939
0.000201939
0.000201939
0.000201939
0.000201939
0.000201939
0.000201939
0.000201939
0.000201939
0.000201939
0.000201939
0.000201939
0.000201939
0.000201939
0.000201939
0.000201939
0.000201939
0.000201939
0.000201939
0.000201939
0.000201939
0.000201939
0.000201939
0.000201939
0.000201939
0.000201939
0.000201939
0.000201939
0.000201939
0.000201939
0.000201939
0.000201939
0.000201939
0.000201939
0.000201939
0.000201939
0.000201939
0.000201939
0.000201939
0.000201939
0.000201939
0.000201939
0.000201939
0.000201939
0.000201939
0.000201939
0.000201939
0.000201939
0.000201939
0.000201939
0.000201939
0.000201939
0.000201939
0.000201939
0.000201939
0.000201939
0.000201939
0.000201939
0.000201939
0.000201939
0.000201939
0.000201939
0.000201939
0.000201939
0.000201939
0.000201939
0.000201939
0.000201939
0.000201939
0.000201939
0.000201939
0.000201939
0.000201939
0.000201939
0.000201939
0.000201939
0.000201939
0.000201939
0.000201939
0.000201939
0.000201939
0.000201939
0.000201939
0.000201939
0.000201939
0.000201939
0.000201939
0.00222132
0.00424071
0.0062601
0.0062601
0.0062601
0.0062601
0.0062601
0.00222132
0.000201939
0.000201939
0.000201939
0.000201939
0.000201939
0.000201939
0.000201939
0.000201939
0.000201939
0.000201939
0.000201939
0.000201939
0.000201939
0.000201939
0.000201939
0.000201939
0.000201939
0.000201939
0.000201939
0.00222132
0.0102989
0.026454
0.0385703
0.0405897
0.0506866
0.0587641
0.0466478
0.0405897
0.0244346
0.0143376
0.0123183
0.00222132
0.000201939
0.000201939
0.000201939
0.000201939
0.000201939
0.000201939
0.000201939
0.000201939
0.000201939
0.000201939
0.000201939
0.000201939
0.00424071
0.00827948
0.0203958
0.0607835
0.119346
0.192044
0.343498
0.486874
0.579766
0.612076
0.587843
0.496971
0.373788
0.258683
0.149637
0.0607835
0.0062601
0.00222132
0.000201939
0.000201939
0.000201939
0.000201939
0.000201939
0.000201939
0.000201939
0.000201939
0.000201939
0.00424071
0.0123183
0.0385703
0.0850162
0.183966
0.323304
0.519184
0.739297
0.86248
0.943255
0.939216
0.912964
0.83017
0.658522
0.476777
0.299071
0.13954
0.0405897
0.016357
0.00424071
0.000201939
0.000201939
0.000201939
0.000201939
0.000201939
0.000201939
0.000201939
0.00424071
0.0123183
0.0466478
0.10521
0.185985
0.357633
0.589863
0.818053
0.912964
0.914984
0.888732
0.836228
0.83017
0.836228
0.755452
0.603998
0.398021
0.210218
0.0829968
0.0203958
0.00424071
0.000201939
0.000201939
0.000201939
0.000201939
0.000201939
0.000201939
0.000201939
0.00827948
0.0385703
0.0870355
0.175889
0.333401
0.575727
0.801898
0.872577
0.836228
0.682754
0.585824
0.527262
0.59996
0.69891
0.735258
0.648425
0.442447
0.228393
0.0991519
0.0304927
0.00222132
0.000201939
0.000201939
0.000201939
0.000201939
0.000201939
0.000201939
0.000201939
0.0143376
0.0688611
0.121365
0.262722
0.4687
0.76353
0.816034
0.789782
0.601979
0.379847
0.232431
0.278877
0.442447
0.666599
0.753433
0.713045
0.488893
0.248586
0.113288
0.0304927
0.0062601
0.000201939
0.000201939
0.000201939
0.000201939
0.000201939
0.000201939
0.000201939
0.0244346
0.0910743
0.167811
0.353595
0.595921
0.787763
0.76353
0.620153
0.343498
0.17185
0.163772
0.30311
0.547456
0.773627
0.826131
0.723142
0.486874
0.244548
0.0930937
0.016357
0.00424071
0.00222132
0.000201939
0.000201939
0.000201939
0.000201939
0.000201939
0.00424071
0.0304927
0.0991519
0.214257
0.446486
0.642367
0.773627
0.723142
0.450525
0.284935
0.220315
0.315226
0.513126
0.745355
0.882674
0.846325
0.713045
0.430331
0.20416
0.0486672
0.0102989
0.00222132
0.00222132
0.000201939
0.000201939
0.000201939
0.000201939
0.000201939
0.00827948
0.0365509
0.0991519
0.222334
0.476777
0.652464
0.757472
0.680735
0.490913
0.408118
0.470719
0.571688
0.741317
0.864499
0.935178
0.842286
0.624192
0.337439
0.125404
0.042609
0.00424071
0.00222132
0.00222132
0.00222132
0.000201939
0.000201939
0.000201939
0.000201939
0.00827948
0.0325121
0.0971325
0.206179
0.426292
0.612076
0.709006
0.709006
0.638328
0.636309
0.66458
0.751414
0.842286
0.925081
0.943255
0.787763
0.503029
0.228393
0.0951131
0.0345315
0.0062601
0.000201939
0.00222132
0.00222132
0.000201939
0.000201939
0.000201939
0.000201939
0.0062601
0.0244346
0.0870355
0.167811
0.347536
0.5313
0.624192
0.678716
0.688813
0.694871
0.709006
0.773627
0.866519
0.9271
0.898829
0.680735
0.377827
0.167811
0.0587641
0.0284733
0.00424071
0.000201939
0.00222132
0.00424071
0.000201939
0.000201939
0.000201939
0.000201939
0.00424071
0.0143376
0.0506866
0.123384
0.232431
0.381866
0.492932
0.579766
0.59794
0.608037
0.634289
0.704968
0.846325
0.910945
0.801898
0.551494
0.286955
0.121365
0.0547254
0.016357
0.00222132
0.000201939
0.00222132
0.00222132
0.000201939
0.000201939
0.000201939
0.00222132
0.00424071
0.00424071
0.0284733
0.0708805
0.131462
0.206179
0.30311
0.373788
0.40004
0.424273
0.521204
0.674677
0.811995
0.842286
0.704968
0.444467
0.234451
0.109249
0.0365509
0.0143376
0.0062601
0.000201939
0.000201939
0.000201939
0.000201939
0.000201939
0.000201939
0.00222132
0.00222132
0.00222132
0.0123183
0.026454
0.0567447
0.103191
0.149637
0.188005
0.226373
0.309168
0.460622
0.666599
0.757472
0.757472
0.581785
0.363691
0.214257
0.0930937
0.0304927
0.0203958
0.0102989
0.00222132
0.000201939
0.000201939
0.000201939
0.000201939
0.000201939
0.000201939
0.00222132
0.00222132
0.0102989
0.016357
0.0325121
0.0466478
0.0607835
0.115307
0.179927
0.288974
0.4687
0.618134
0.66458
0.63025
0.458603
0.299071
0.188005
0.0971325
0.026454
0.0203958
0.00827948
0.0062601
0.000201939
0.000201939
0.000201939
0.000201939
0.000201939
0.000201939
0.00222132
0.00222132
0.00424071
0.016357
0.0183764
0.0244346
0.0628029
0.0991519
0.181947
0.347536
0.507068
0.585824
0.581785
0.505048
0.396002
0.260703
0.16983
0.0951131
0.0365509
0.0203958
0.00827948
0.0062601
0.000201939
0.000201939
0.000201939
0.000201939
0.000201939
0.000201939
0.000201939
0.00222132
0.00424071
0.0123183
0.0224152
0.0405897
0.0829968
0.161753
0.280897
0.406099
0.49899
0.549475
0.527262
0.450525
0.313207
0.242528
0.161753
0.0971325
0.0506866
0.0203958
0.00827948
0.0062601
0.000201939
0.000201939
0.000201939
0.000201939
0.000201939
0.000201939
0.000201939
0.000201939
0.00222132
0.0143376
0.0325121
0.0688611
0.129443
0.222334
0.33542
0.444467
0.488893
0.492932
0.442447
0.36773
0.290994
0.23647
0.173869
0.109249
0.0547254
0.0203958
0.00827948
0.0062601
0.000201939
0.000201939
0.000201939
0.000201939
0.000201939
0.000201939
0.000201939
0.00222132
0.00424071
0.016357
0.0547254
0.10521
0.173869
0.284935
0.353595
0.426292
0.438409
0.428312
0.383885
0.321284
0.276858
0.23647
0.161753
0.119346
0.0607835
0.026454
0.0123183
0.00424071
0.000201939
0.000201939
0.000201939
0.000201939
0.000201939
0.000201939
0.000201939
0.00424071
0.0102989
0.026454
0.0668417
0.123384
0.202141
0.295032
0.349556
0.385905
0.36975
0.351575
0.325323
0.286955
0.248586
0.222334
0.149637
0.101171
0.0628029
0.0325121
0.0143376
0.00222132
0.000201939
0.000201939
0.000201939
0.000201939
0.000201939
0.000201939
0.000201939
0.00222132
0.0123183
0.0325121
0.0708805
0.125404
0.188005
0.256664
0.295032
0.295032
0.284935
0.26878
0.246567
0.230412
0.20416
0.173869
0.107229
0.0809774
0.052706
0.026454
0.00827948
0.00424071
0.000201939
0.000201939
0.000201939
0.000201939
0.000201939
0.000201939
0.00222132
0.00424071
0.0062601
0.0123183
0.0244346
0.0446284
0.0607835
0.0728998
0.078958
0.0829968
0.078958
0.0850162
0.0749192
0.0688611
0.0628029
0.0506866
0.026454
0.0203958
0.0143376
0.0062601
0.00222132
0.000201939
0.000201939
0.000201939
0.000201939
0.000201939
0.000201939
0.000201939
0.000201939
0.000201939
0.000201939
0.000201939
0.000201939
0.000201939
0.000201939
0.000201939
0.000201939
0.00222132
0.00222132
0.00424071
0.00222132
0.00222132
0.000201939
0.00222132
0.00424071
0.00222132
0.000201939
0.000201939
0.000201939
0.000201939
0.000201939
0.000201939
0.000201939
0.099
